0.883456826210022
0.9581132531166077
0.9749500155448914
0.8015618324279785
0.7875194549560547
0.6911524534225464
0.6692197322845459
0.6566017270088196
0.6561247706413269
0.46738576889038086
0.5187475681304932
0.45452001690864563
0.3761483132839203
0.4456113874912262
0.35453179478645325
0.3567381203174591
0.2794729471206665
0.3802352547645569
0.31639358401298523
0.19733716547489166
0.22302363812923431
0.1882966309785843
0.2772250473499298
0.2809493839740753
0.24296756088733673
0.17175035178661346
0.1986737698316574
0.20171751081943512
0.23428478837013245
0.1787729114294052
0.15798810124397278
0.18655076622962952
0.22863376140594482
0.27786940336227417
0.19601963460445404
0.0859174132347107
0.15937639772891998
0.24099013209342957
0.12059464305639267
0.19596874713897705
0.19097480177879333
0.13071602582931519
0.13698247075080872
0.25590163469314575
0.18167661130428314
0.1297978311777115
0.1752738654613495
0.12702299654483795
0.1932838261127472
0.21056795120239258
0.14196056127548218
0.33761855959892273
0.3493548333644867
0.2538163959980011
0.13956648111343384
0.2552935481071472
0.11719343066215515
0.1664334237575531
0.14556150138378143
0.20694060623645782
0.22610512375831604
0.12538670003414154
0.23691070079803467
0.09805002063512802
0.17597278952598572
0.13178059458732605
0.2243918478488922
0.16966886818408966
0.216007798910141
0.12508349120616913
0.1524452567100525
0.2256530225276947
0.15051913261413574
0.14653140306472778
0.2745066285133362
0.13229848444461823
0.19660590589046478
0.15542760491371155
0.17811010777950287
0.14412368834018707
0.1635259985923767
0.22714723646640778
0.20141273736953735
0.1960347294807434
0.24877077341079712
0.08992075175046921
0.11271332949399948
0.2034715712070465
0.15714600682258606
0.17596682906150818
0.1491982638835907
0.17759251594543457
0.11188257485628128
0.16193105280399323
0.17776113748550415
0.13603797554969788
0.17892473936080933
0.1490868479013443
0.1624773144721985
0.20056411623954773
0.13226062059402466
0.16233935952186584
0.15994036197662354
0.26384636759757996
0.12447193264961243
0.23737968504428864
0.13703864812850952
0.13084439933300018
0.1971503645181656
0.13288575410842896
0.37810030579566956
0.156322181224823
0.22676987946033478
0.15293239057064056
0.20367100834846497
0.16230857372283936
0.211538627743721
0.1893177032470703
0.21204152703285217
0.241571843624115
0.13174307346343994
0.1609140932559967
0.1448214054107666
0.1986972987651825
0.11526364833116531
0.1391117423772812
0.17411492764949799
0.11923448741436005
0.14572738111019135
0.24784298241138458
0.2560918927192688
0.1118193194270134
0.1626599133014679
0.19367700815200806
0.22204700112342834
0.22393012046813965
0.21309491991996765
0.2337619960308075
0.17656520009040833
0.21190054714679718
0.08965207636356354
0.15712136030197144
0.16776135563850403
0.17646509408950806
0.13743926584720612
0.17392626404762268
0.2228669375181198
0.0965748056769371
0.14069128036499023
0.14810264110565186
0.19406133890151978
0.17777827382087708
0.18250927329063416
0.23438529670238495
0.2102201282978058
0.2361137717962265
0.17266853153705597
0.15257927775382996
0.1348118782043457
0.13764166831970215
0.2122659683227539
0.0732349380850792
0.10190914571285248
0.1495206207036972
0.12791801989078522
0.18715032935142517
0.09673532098531723
0.2716810405254364
0.14603915810585022
0.20404835045337677
0.09902247041463852
0.17339223623275757
0.1755485087633133
0.1461883783340454
0.17899928987026215
0.1472848504781723
0.22642868757247925
0.25668254494667053
0.13864609599113464
0.10104262828826904
0.23372593522071838
0.13187222182750702
0.12910008430480957
0.14024119079113007
0.13252592086791992
0.1644519865512848
0.14398984611034393
0.11206579208374023
0.2258477807044983
0.20047610998153687
0.14575868844985962
0.16144928336143494
0.11289121210575104
0.15948672592639923
0.17214255034923553
0.21909886598587036
0.156184583902359
0.12158560007810593
0.17216457426548004
0.20615436136722565
0.1496327519416809
0.13276809453964233
0.2129420042037964
0.12409423291683197
0.11747926473617554
0.17629502713680267
0.22503192722797394
0.1671728938817978
0.14137984812259674
0.1485544741153717
0.23119349777698517
0.19822651147842407
0.1384286731481552
0.14130277931690216
0.11266913264989853
0.26045647263526917
0.1586335003376007
0.16741760075092316
0.14896778762340546
0.14617718756198883
0.16198989748954773
0.16293586790561676
0.1625106930732727
0.18984439969062805
0.13462267816066742
0.19516465067863464
0.22753186523914337
0.22778931260108948
0.19494299590587616
0.19762784242630005
0.15883515775203705
0.2032206952571869
0.14619113504886627
0.14081412553787231
0.16283506155014038
0.16201330721378326
0.12181027233600616
0.17691591382026672
0.19047683477401733
0.15254484117031097
0.18158374726772308
0.2199959009885788
0.18489913642406464
0.22656360268592834
0.16463835537433624
0.1271207630634308
0.13148094713687897
0.17666758596897125
0.14382588863372803
0.16208992898464203
0.09407589584589005
0.17457666993141174
0.13918852806091309
0.2138349711894989
0.11567621678113937
0.1468810737133026
0.21261078119277954
0.1265234798192978
0.1629965603351593
0.20758339762687683
0.14648574590682983
0.16516242921352386
0.1430383175611496
0.16877245903015137
0.17274810373783112
0.16608792543411255
0.13318566977977753
0.2219228893518448
0.1387472152709961
0.2096186727285385
0.2270258516073227
0.17578622698783875
0.19950272142887115
0.20969964563846588
0.2854333817958832
0.15948167443275452
0.14930471777915955
0.17700493335723877
0.19525857269763947
0.15171870589256287
0.08927151560783386
0.23035430908203125
0.1359182745218277
0.1950465887784958
0.19580860435962677
0.16478587687015533
0.10049103945493698
0.15854066610336304
0.10447689890861511
0.10908669978380203
0.13935551047325134
0.14967535436153412
0.1511373072862625
0.22180171310901642
0.19649054110050201
0.12469643354415894
0.16570216417312622
0.18833619356155396
0.1523570716381073
0.1873641014099121
0.18941503763198853
0.20504863560199738
0.18787048757076263
0.18538857996463776
0.19105322659015656
0.24064131081104279
0.16960692405700684
0.12824858725070953
0.16128933429718018
0.15803606808185577
0.2095639854669571
0.2069888859987259
0.15317568182945251
0.19808036088943481
0.13838550448417664
0.16805118322372437
0.18628500401973724
0.09804476797580719
0.18241094052791595
0.1749880462884903
0.12992794811725616
0.14063775539398193
0.21445509791374207
0.1322285383939743
0.1565767228603363
0.1392613798379898
0.19920089840888977
0.11920208483934402
0.10178227722644806
0.14208906888961792
0.21050973236560822
0.08006089180707932
0.1532832384109497
0.178758442401886
0.16867093741893768
0.16907860338687897
0.18394316732883453
0.2430761456489563
0.18981967866420746
0.22628159821033478
0.1692792773246765
0.23215755820274353
0.19990761578083038
0.23990845680236816
0.132341206073761
0.185482919216156
0.18259261548519135
0.19054143130779266
0.13498850166797638
0.10607141256332397
0.10155230760574341
0.15748924016952515
0.18570537865161896
0.2349536418914795
0.15945246815681458
0.19208070635795593
0.18084615468978882
0.24488963186740875
0.18670299649238586
0.20304468274116516
0.13534796237945557
0.19289931654930115
0.14438007771968842
0.16297155618667603
0.2872786223888397
0.15054498612880707
0.21310223639011383
0.11849795281887054
0.18839679658412933
0.15003368258476257
0.15301679074764252
0.32009050250053406
0.12526428699493408
0.1468593031167984
0.17093408107757568
0.16987542808055878
0.20277194678783417
0.17716139554977417
0.14107070863246918
0.12529797852039337
0.18148618936538696
0.18938055634498596
0.14612382650375366
0.14853668212890625
0.11543017625808716
0.11036510020494461
0.10686270147562027
0.15616844594478607
0.10490936785936356
0.19896399974822998
0.16235007345676422
0.17715728282928467
0.1495065987110138
0.10255861282348633
0.21908038854599
0.12551787495613098
0.1528361588716507
0.2428951859474182
0.10693663358688354
0.19577345252037048
0.17387224733829498
0.12456916272640228
0.18226514756679535
0.12407451868057251
0.19067320227622986
0.2450035810470581
0.18404251337051392
0.23717978596687317
0.14750495553016663
0.13361424207687378
0.11857150495052338
0.14964060485363007
0.16014768183231354
0.197322815656662
0.2192825973033905
0.11231116205453873
0.1967773735523224
0.13184775412082672
0.10785581171512604
0.15073548257350922
0.19002598524093628
0.1468103677034378
0.2749747633934021
0.17337000370025635
0.09667068719863892
0.1761091947555542
0.14907129108905792
0.2105933576822281
0.09755541384220123
0.15165841579437256
0.12791405618190765
0.12461460381746292
0.12510187923908234
0.09024932235479355
0.14066757261753082
0.13272416591644287
0.12223963439464569
0.20893451571464539
0.19181765615940094
0.18524187803268433
0.1584417223930359
0.1540769785642624
0.1535918414592743
0.14306466281414032
0.14314734935760498
0.151964008808136
0.10759398341178894
0.20165099203586578
0.1741916388273239
0.18054988980293274
0.11844179779291153
0.1786469966173172
0.16138727962970734
0.07769636809825897
0.11653605848550797
0.1977601945400238
0.12283486872911453
0.13551519811153412
0.1252940446138382
0.1917821168899536
0.14840395748615265
0.18441763520240784
0.1448422074317932
0.21038256585597992
0.09621424227952957
0.2040826827287674
0.1759730875492096
0.17270046472549438
0.12582917511463165
0.13708099722862244
0.14919407665729523
0.16680999100208282
0.1418801099061966
0.1337871253490448
0.19030427932739258
0.1829104870557785
0.22103837132453918
0.2186654657125473
0.20349152386188507
0.18278098106384277
0.2535540461540222
0.22347290813922882
0.17639528214931488
0.2332741767168045
0.1710246503353119
0.12642313539981842
0.18968182802200317
0.13467106223106384
0.19149866700172424
0.16275015473365784
0.2013118416070938
0.12948651611804962
0.24850259721279144
0.14333826303482056
0.11651196330785751
0.14134539663791656
0.17392322421073914
0.16011695563793182
0.2288379967212677
0.163643017411232
0.11953340470790863
0.16809400916099548
0.20487645268440247
0.22197659313678741
0.18742766976356506
0.15309357643127441
0.2192360758781433
0.12611906230449677
0.17364409565925598
0.2133837342262268
0.14323417842388153
0.18102382123470306
0.09983895719051361
0.11737992614507675
0.24964000284671783
0.15142925083637238
0.17321012914180756
0.21720829606056213
0.1271367073059082
0.15554238855838776
0.19229011237621307
0.1441708356142044
0.16449135541915894
0.15703284740447998
0.14950257539749146
0.15062133967876434
0.18595141172409058
0.12116758525371552
0.22755470871925354
0.2163558155298233
0.1696692407131195
0.1799054592847824
0.1864391565322876
0.18223103880882263
0.16565480828285217
0.20491954684257507
0.2368299663066864
0.14455267786979675
0.1122814267873764
0.20445923507213593
0.09426037967205048
0.20836752653121948
0.23455160856246948
0.34189698100090027
0.12028621882200241
0.1720348596572876
0.14405150711536407
0.1170930415391922
0.160376638174057
0.11345131695270538
0.24298638105392456
0.128321573138237
0.24210044741630554
0.13914084434509277
0.14304311573505402
0.16129347681999207
0.2018536925315857
0.16773317754268646
0.13808438181877136
0.1597752720117569
0.09303596615791321
0.11985018104314804
0.20707786083221436
0.18342183530330658
0.15934094786643982
0.14418728649616241
0.17316092550754547
0.1794649362564087
0.16848379373550415
0.17764747142791748
0.16218551993370056
0.20453570783138275
0.1591355800628662
0.1549673229455948
0.21803966164588928
0.1428491473197937
0.17956537008285522
0.19453756511211395
0.218192920088768
0.14798937737941742
0.12139979749917984
0.185814768075943
0.1229877695441246
0.1390448808670044
0.17868687212467194
0.12393242120742798
0.13961316645145416
0.1857125610113144
0.13870982825756073
0.2144179791212082
0.15045097470283508
0.17689013481140137
0.1699674278497696
0.18626952171325684
0.1410164088010788
0.15818601846694946
0.12570820748806
0.135452538728714
0.16357634961605072
0.1705324798822403
0.1478714644908905
0.18006020784378052
0.1854136735200882
0.1550256311893463
0.16938450932502747
0.19524990022182465
0.1493908017873764
0.1360006481409073
0.17290696501731873
0.14833325147628784
0.1625949740409851
0.10851418972015381
0.13417573273181915
0.19556227326393127
0.1512189507484436
0.16612015664577484
0.10766733437776566
0.23500138521194458
0.12731993198394775
0.16952478885650635
0.17547127604484558
0.161093607544899
0.20172584056854248
0.19099161028862
0.1801217943429947
0.24933019280433655
0.13488756120204926
0.1418505609035492
0.1449519693851471
0.1522592008113861
0.1817951798439026
0.16994702816009521
0.16659627854824066
0.2041628509759903
0.14887022972106934
0.13871459662914276
0.12369701266288757
0.14771488308906555
0.18318712711334229
0.21393339335918427
0.2163928598165512
0.16246847808361053
0.18658128380775452
0.09702585637569427
0.15893959999084473
0.2635226249694824
0.15704277157783508
0.13205496966838837
0.2230236530303955
0.18328945338726044
0.20705586671829224
0.1526355892419815
0.12548401951789856
0.2025785893201828
0.16179479658603668
0.1530010849237442
0.14268791675567627
0.12621387839317322
0.13260221481323242
0.22818590700626373
0.16198746860027313
0.15110871195793152
0.16886593401432037
0.27235662937164307
0.15752620995044708
0.18648824095726013
0.1287398487329483
0.20192518830299377
0.1901741325855255
0.2322697788476944
0.15568898618221283
0.17004603147506714
0.13882438838481903
0.13784044981002808
0.1662040650844574
0.15176735818386078
0.15535284578800201
0.12257193773984909
0.12380417436361313
0.19160987436771393
0.1804428994655609
0.14015813171863556
0.18370288610458374
0.15755239129066467
0.21129490435123444
0.19771237671375275
0.17484427988529205
0.10476769506931305
0.11562757194042206
0.15181314945220947
0.17080235481262207
0.11569762229919434
0.1610824018716812
0.1640375852584839
0.15506315231323242
0.10737676918506622
0.1582626849412918
0.1615551859140396
0.17841942608356476
0.14429984986782074
0.23187406361103058
0.1208832710981369
0.1779005080461502
0.12821219861507416
0.18437863886356354
0.11689697951078415
0.1658860743045807
0.15461257100105286
0.2179640680551529
0.19003836810588837
0.11520309001207352
0.2378692775964737
0.14382177591323853
0.22292296588420868
0.26357749104499817
0.11457695811986923
0.12151142209768295
0.17446035146713257
0.21182918548583984
0.19501890242099762
0.21546779572963715
0.19035251438617706
0.15286658704280853
0.190442755818367
0.18537002801895142
0.10864245891571045
0.2034122347831726
0.15955646336078644
0.14953608810901642
0.11687131971120834
0.2041395604610443
0.19711968302726746
0.11853758245706558
0.15045265853405
0.1457744985818863
0.19008293747901917
0.2429889440536499
0.20667266845703125
0.18865154683589935
0.13052155077457428
0.17895789444446564
0.2132217139005661
0.15815715491771698
0.1495416909456253
0.1389007568359375
0.18351592123508453
0.2485082596540451
0.11815278232097626
0.11329803615808487
0.21229325234889984
0.14285288751125336
0.1701064556837082
0.19537889957427979
0.1604795902967453
0.18732081353664398
0.25859546661376953
0.1313675045967102
0.18637718260288239
0.22276277840137482
0.2302716076374054
0.10161232948303223
0.19401122629642487
0.1654978096485138
0.23938865959644318
0.0803828313946724
0.14523938298225403
0.19707855582237244
0.14337977766990662
0.21179285645484924
0.15785840153694153
0.17207162082195282
0.16846124827861786
0.16786517202854156
0.17460203170776367
0.21826623380184174
0.1556721180677414
0.22174324095249176
0.15772216022014618
0.09603650122880936
0.1802084743976593
0.17886094748973846
0.17763561010360718
0.13991467654705048
0.13085272908210754
0.20482178032398224
0.17831405997276306
0.17425629496574402
0.19208955764770508
0.2333001345396042
0.2041032612323761
0.13002732396125793
0.19302590191364288
0.1376766860485077
0.13230565190315247
0.15734075009822845
0.2684610188007355
0.1994638741016388
0.22672699391841888
0.15644928812980652
0.11037158221006393
0.1944565325975418
0.18457630276679993
0.1797226369380951
0.13669227063655853
0.17093396186828613
0.12224084883928299
0.13934794068336487
0.2803836166858673
0.13442128896713257
0.13359417021274567
0.1848454773426056
0.15000392496585846
0.10680623352527618
0.2062331736087799
0.19146348536014557
0.1844864785671234
0.15479248762130737
0.16953878104686737
0.1982591301202774
0.18877243995666504
0.10016755759716034
0.21844738721847534
0.14969392120838165
0.12932051718235016
0.16159987449645996
0.1611214131116867
0.1975310891866684
0.10252033919095993
0.1859847605228424
0.17532484233379364
0.2348880171775818
0.1250196248292923
0.12912343442440033
0.18390463292598724
0.2544456124305725
0.13149821758270264
0.1781710833311081
0.20543639361858368
0.24926801025867462
0.14855724573135376
0.18900252878665924
0.16242735087871552
0.2520503103733063
0.19859890639781952
0.16551442444324493
0.23688066005706787
0.19520734250545502
0.16221845149993896
0.16887705028057098
0.1622295081615448
0.10961031168699265
0.20400318503379822
0.1310495287179947
0.15620435774326324
0.1595289409160614
0.1835455745458603
0.17747165262699127
0.15307925641536713
0.12465709447860718
0.21566063165664673
0.15460509061813354
0.17057321965694427
0.2093445509672165
0.13029785454273224
0.15782824158668518
0.18597811460494995
0.21021892130374908
0.13788214325904846
0.26491236686706543
0.14310623705387115
0.12067006528377533
0.17480602860450745
0.16233503818511963
0.17957067489624023
0.13485898077487946
0.12814319133758545
0.1767677664756775
0.26972511410713196
0.22002393007278442
0.1371883600950241
0.2606462240219116
0.10281569510698318
0.16128087043762207
0.17207829654216766
0.10613824427127838
0.16061851382255554
0.14132721722126007
0.1866719126701355
0.2235260158777237
0.14332593977451324
0.1620578169822693
0.16610465943813324
0.12195684760808945
0.1700720489025116
0.1718166023492813
0.2075817734003067
0.18740104138851166
0.11576113849878311
0.18520508706569672
0.09606504440307617
0.20793217420578003
0.15400755405426025
0.10590860247612
0.16188283264636993
0.12963001430034637
0.1860232949256897
0.17232079803943634
0.21601079404354095
0.24291765689849854
0.1298743188381195
0.13198573887348175
0.21525982022285461
0.1686183661222458
0.15145918726921082
0.2695630192756653
0.21830691397190094
0.17049896717071533
0.14423128962516785
0.12464551627635956
0.18737143278121948
0.14677098393440247
0.2180309295654297
0.2649754285812378
0.13884200155735016
0.21172752976417542
0.15997375547885895
0.21428443491458893
0.15188360214233398
0.116033174097538
0.15975822508335114
0.15398269891738892
0.12313048541545868
0.16286830604076385
0.10109514743089676
0.2278798520565033
0.10590899735689163
0.15390731394290924
0.1895686686038971
0.13390935957431793
0.10260619223117828
0.2014065384864807
0.17022861540317535
0.17455706000328064
0.16179083287715912
0.19751444458961487
0.23479163646697998
0.17973080277442932
0.1629287451505661
0.16301000118255615
0.1683669239282608
0.14865946769714355
0.21968300640583038
0.14682306349277496
0.1593007594347
0.15907365083694458
0.10934451967477798
0.2339208573102951
0.11359672248363495
0.15444941818714142
0.1874718815088272
0.21971860527992249
0.1373199224472046
0.18524597585201263
0.13718391954898834
0.1754312813282013
0.16644972562789917
0.1508389562368393
0.14996184408664703
0.13919782638549805
0.16129128634929657
0.11522242426872253
0.1120171993970871
0.19805368781089783
0.19856779277324677
0.19250640273094177
0.1509176790714264
0.1362590193748474
0.2015271931886673
0.19569917023181915
0.1435362994670868
0.21205784380435944
0.16637399792671204
0.13115829229354858
0.16908332705497742
0.20693139731884003
0.1927919089794159
0.22922383248806
0.19779814779758453
0.254550576210022
0.22015705704689026
0.1707126647233963
0.13868677616119385
0.14378096163272858
0.079582579433918
0.1910630315542221
0.6782429814338684
0.16045451164245605
0.1801329404115677
0.13147802650928497
0.1130279153585434
0.1620102971792221
0.19116666913032532
0.11872637271881104
0.20180021226406097
0.15574981272220612
0.12149889767169952
0.2781223654747009
0.14067547023296356
0.2376105934381485
0.10063920170068741
0.16975238919258118
0.15997236967086792
0.14635632932186127
0.15138421952724457
0.145011767745018
0.2356732189655304
0.2188885509967804
0.1297895908355713
0.1742558777332306
0.12072662264108658
0.1360764503479004
0.19793103635311127
0.19975896179676056
0.22318637371063232
0.09268583357334137
0.17428851127624512
0.1186891570687294
0.20984497666358948
0.17980101704597473
0.1470480114221573
0.18220528960227966
0.20526616275310516
0.1740037351846695
0.15121808648109436
0.21282200515270233
0.15822163224220276
0.148584246635437
0.12848255038261414
0.10759533941745758
0.1417236179113388
0.21419230103492737
0.1632472574710846
0.19063183665275574
0.21390998363494873
0.24567811191082
0.15591667592525482
0.16708417236804962
0.12806862592697144
0.10781033337116241
0.19096922874450684
0.14699535071849823
0.16369006037712097
0.1297028362751007
0.20537909865379333
0.14308468997478485
0.16238413751125336
0.1528090387582779
0.19662334024906158
0.13721182942390442
0.1812880039215088
0.12930789589881897
0.2450331598520279
0.1489955484867096
0.13045267760753632
0.1700955629348755
0.15337178111076355
0.21942216157913208
0.15759824216365814
0.12802241742610931
0.13618230819702148
0.12346791476011276
0.2232757955789566
0.20671263337135315
0.1231745034456253
0.23975840210914612
0.16546127200126648
0.14109468460083008
0.16108578443527222
0.15758031606674194
0.16738225519657135
0.22074320912361145
0.14977726340293884
0.18915775418281555
0.14455285668373108
0.23850314319133759
0.1920507252216339
0.13419465720653534
0.15539923310279846
0.1652974784374237
0.17076070606708527
0.20591481029987335
0.17051899433135986
0.2208690345287323
0.10294004529714584
0.12752729654312134
0.21133486926555634
0.1646137237548828
0.150776207447052
0.23187807202339172
0.13570180535316467
0.15561316907405853
0.19513162970542908
0.17947018146514893
0.10739979892969131
0.12443310767412186
0.2035132497549057
0.18274451792240143
0.12771075963974
0.16017352044582367
0.17081665992736816
0.21572014689445496
0.10985221713781357
0.1455557495355606
0.10460048168897629
0.21971921622753143
0.18971145153045654
0.12443488091230392
0.27510979771614075
0.19031435251235962
0.14588789641857147
0.1366991400718689
0.17686666548252106
0.11167920380830765
0.16848288476467133
0.1873784363269806
0.12673643231391907
0.18318907916545868
0.1490168273448944
0.19276894629001617
0.16199277341365814
0.12457076460123062
0.2328021228313446
0.15937767922878265
0.2119789868593216
0.13924138247966766
0.18479296565055847
0.14848017692565918
0.10279400646686554
0.2315429151058197
0.16569654643535614
0.19764773547649384
0.14503106474876404
0.12661457061767578
0.20565086603164673
0.1432211548089981
0.11738879233598709
0.16438280045986176
0.15665534138679504
0.2047562450170517
0.20616495609283447
0.20406140387058258
0.16340719163417816
0.24869216978549957
0.16000451147556305
0.19385577738285065
0.13341544568538666
0.17009572684764862
0.15515054762363434
0.19027923047542572
0.17810052633285522
0.16685229539871216
0.12301889061927795
0.19440144300460815
0.1778641790151596
0.11418724805116653
0.24460341036319733
0.13028235733509064
0.2211369127035141
0.16796466708183289
0.11273987591266632
0.17211556434631348
0.1887778639793396
0.1533374935388565
0.27256059646606445
0.1508990079164505
0.13235929608345032
0.17444832623004913
0.19289234280586243
0.14490965008735657
0.16751499474048615
0.16789107024669647
0.17080290615558624
0.10226158797740936
0.12804630398750305
0.16438674926757812
0.1260344386100769
0.1597108691930771
0.15184998512268066
0.1821260005235672
0.16100788116455078
0.185007706284523
0.1290436089038849
0.12223581969738007
0.22690346837043762
0.17264902591705322
0.15398897230625153
0.17035964131355286
0.2398478388786316
0.1647501438856125
0.10864092409610748
0.12596802413463593
0.07573147863149643
0.21315591037273407
0.18055561184883118
0.14064976572990417
0.19125446677207947
0.12282868474721909
0.19154125452041626
0.1551091969013214
0.20298705995082855
0.1143510714173317
0.057928118854761124
0.2788652181625366
0.25199899077415466
0.13707338273525238
0.12039504200220108
0.1953766644001007
0.21147948503494263
0.19111016392707825
0.18003137409687042
0.24999676644802094
0.1944931149482727
0.15129734575748444
0.08739586174488068
0.19533535838127136
0.1849195510149002
0.2780458629131317
0.15818487107753754
0.1422894150018692
0.22933080792427063
0.1116265207529068
0.18301160633563995
0.1480269581079483
0.19894322752952576
0.1016995757818222
0.1433553695678711
0.1666133850812912
0.1528131514787674
0.2237936407327652
0.09989307820796967
0.17059655487537384
0.27047407627105713
0.0762300044298172
0.22963981330394745
0.17630437016487122
0.20973704755306244
0.16624613106250763
0.15929636359214783
0.13644441962242126
0.19325625896453857
0.21964730322360992
0.1458614468574524
0.22917397320270538
0.16522398591041565
0.19915561378002167
0.1751764714717865
0.1646270602941513
0.10864923149347305
0.07225145399570465
0.18271394073963165
0.14878660440444946
0.2197362631559372
0.11678063124418259
0.16284671425819397
0.1684294492006302
0.18728744983673096
0.13825470209121704
0.23631055653095245
0.17738394439220428
0.17833101749420166
0.09375596046447754
0.192395880818367
0.23206432163715363
0.20221933722496033
0.14632579684257507
0.24305063486099243
0.2146846055984497
0.125461146235466
0.11630193889141083
0.2106635421514511
0.17417341470718384
0.1386564075946808
0.20357051491737366
0.15723483264446259
0.18718364834785461
0.16566260159015656
0.17940205335617065
0.1608342081308365
0.2671184539794922
0.1781167984008789
0.20286355912685394
0.18424123525619507
0.1365300565958023
0.1286364495754242
0.21709567308425903
0.1945546567440033
0.2648358643054962
0.1609942466020584
0.17578089237213135
0.15760834515094757
0.20326444506645203
0.1878189891576767
0.12486827373504639
0.12718257308006287
0.11793527007102966
0.14573907852172852
0.1608572006225586
0.2576683461666107
0.18928277492523193
0.13096266984939575
0.13128748536109924
0.19004103541374207
0.2004414051771164
0.17109134793281555
0.15182116627693176
0.18487580120563507
0.20178216695785522
0.12482593953609467
0.21181198954582214
0.1695813238620758
0.16071335971355438
0.11650708317756653
0.13104896247386932
0.20234155654907227
0.2420434206724167
0.22177164256572723
0.16802558302879333
0.19098782539367676
0.14885982871055603
0.18710333108901978
0.22468213737010956
0.15041247010231018
0.15637746453285217
0.21968503296375275
0.13136115670204163
0.14982035756111145
0.14470426738262177
0.11980681866407394
0.23247969150543213
0.14768967032432556
0.1323053240776062
0.2035684734582901
0.21308359503746033
0.12653064727783203
0.18373306095600128
0.2141830176115036
0.21024774014949799
0.1411975622177124
0.14465448260307312
0.14766822755336761
0.1941261738538742
0.1901358962059021
0.17232045531272888
0.10670698434114456
0.17687879502773285
0.1439659744501114
0.165732741355896
0.1484530121088028
0.1898633986711502
0.1873563826084137
0.11727883666753769
0.14783912897109985
0.19115060567855835
0.15315455198287964
0.1724330335855484
0.21916601061820984
0.1556636095046997
0.16696208715438843
0.2259589433670044
0.09700338542461395
0.15238098800182343
0.14268247783184052
0.16867460310459137
0.1768139749765396
0.16447076201438904
0.1192873865365982
0.17008429765701294
0.09736531972885132
0.10601430386304855
0.17503821849822998
0.15342053771018982
0.1373574137687683
0.09765136986970901
0.1622493863105774
0.16157260537147522
0.1671411395072937
0.2153783142566681
0.12437611818313599
0.13117708265781403
0.14426401257514954
0.15043814480304718
0.19753025472164154
0.1734045445919037
0.1292905956506729
0.1611388921737671
0.16641245782375336
0.23320424556732178
0.18817195296287537
0.11118820309638977
0.17579840123653412
0.13345031440258026
0.1633138209581375
0.1629985272884369
0.1759994626045227
0.1719111055135727
0.11053001880645752
0.17500054836273193
0.16661383211612701
0.22782355546951294
0.11374890059232712
0.23674951493740082
0.15348154306411743
0.17889750003814697
0.1909104585647583
0.15344029664993286
0.15732210874557495
0.15318416059017181
0.11112916469573975
0.1619412899017334
0.19159556925296783
0.10863456130027771
0.1533830761909485
0.12075895071029663
0.22920550405979156
0.23500891029834747
0.09979702532291412
0.14814293384552002
0.18111954629421234
0.20032240450382233
0.18548817932605743
0.20067250728607178
0.20694836974143982
0.1888236254453659
0.16408595442771912
0.17995309829711914
0.1936490386724472
0.14070430397987366
0.16140681505203247
0.12263382226228714
0.11160032451152802
0.1465497761964798
0.1536606401205063
0.12506945431232452
0.1371314972639084
0.15520286560058594
0.16515803337097168
0.05443817377090454
0.1927519142627716
0.07846198230981827
0.17062242329120636
0.17582865059375763
0.09418732672929764
0.1895780861377716
0.18697640299797058
0.17168816924095154
0.24431586265563965
0.14656244218349457
0.1647716909646988
0.13911886513233185
0.11915470659732819
0.21125264465808868
0.158596470952034
0.18930938839912415
0.11418892443180084
0.16186589002609253
0.21184663474559784
0.15546555817127228
0.12726008892059326
0.19674928486347198
0.09702286869287491
0.17567382752895355
0.15012022852897644
0.17495527863502502
0.20604930818080902
0.13237270712852478
0.24446313083171844
0.1483592838048935
0.17732854187488556
0.16826105117797852
0.1530095338821411
0.1791027933359146
0.167013481259346
0.21034708619117737
0.16993899643421173
0.13974127173423767
0.12310662120580673
0.1410745233297348
0.17234766483306885
0.19442597031593323
0.12582927942276
0.17069606482982635
0.1760740578174591
0.20693911612033844
0.1482451856136322
0.18695293366909027
0.1698189079761505
0.2200363278388977
0.13048185408115387
0.1350858211517334
0.15223093330860138
0.16601410508155823
0.08796686679124832
0.17513401806354523
0.185119166970253
0.19404305517673492
0.1572679877281189
0.11062611639499664
0.16341492533683777
0.1918874830007553
0.17712515592575073
0.17394554615020752
0.12638495862483978
0.13133704662322998
0.16198277473449707
0.12296026945114136
0.17471885681152344
0.15935686230659485
0.07524827122688293
0.14908947050571442
0.18978527188301086
0.14273396134376526
0.21051402390003204
0.20447716116905212
0.14728516340255737
0.17820920050144196
0.1649380475282669
0.1366988718509674
0.15834210813045502
0.13648465275764465
0.18358781933784485
0.14058034121990204
0.10425589233636856
0.14922715723514557
0.13628867268562317
0.17140711843967438
0.14222465455532074
0.12103249132633209
0.16550572216510773
0.1854735165834427
0.17430447041988373
0.12430441379547119
0.10127665102481842
0.1188914105296135
0.163982555270195
0.08850309252738953
0.15061944723129272
0.20407046377658844
0.17595051229000092
0.14343127608299255
0.1495668739080429
0.13553017377853394
0.13704362511634827
0.11346720904111862
0.10217120498418808
0.13422630727291107
0.1391516774892807
0.08515806496143341
0.13751408457756042
0.14545626938343048
0.12528619170188904
0.128313347697258
0.0906934067606926
0.14675270020961761
0.14303085207939148
0.15881168842315674
0.2069816291332245
0.16277039051055908
0.14346514642238617
0.16630792617797852
0.21410758793354034
0.18061748147010803
0.1345275342464447
0.2324499785900116
0.21421559154987335
0.14591743052005768
0.2113453894853592
0.13031719624996185
0.08509384095668793
0.16781799495220184
0.1555841714143753
0.17371007800102234
0.2574562728404999
0.18830154836177826
0.16189393401145935
0.2756374180316925
0.16111786663532257
0.242148756980896
0.14029604196548462
0.1431170105934143
0.18219727277755737
0.1424214094877243
0.21150514483451843
0.1656438708305359
0.15433162450790405
0.15334703028202057
0.15404467284679413
0.2194284349679947
0.1395523101091385
0.16101673245429993
0.23641973733901978
0.20945525169372559
0.14559301733970642
0.17134670913219452
0.11934447288513184
0.16447167098522186
0.13476376235485077
0.1557556688785553
0.19645068049430847
0.20923791825771332
0.16082066297531128
0.22476771473884583
0.14451050758361816
0.14408175647258759
0.14767368137836456
0.2635589838027954
0.19598160684108734
0.13413706421852112
0.1946871429681778
0.15335489809513092
0.12169891595840454
0.20390024781227112
0.1843601018190384
0.19514323770999908
0.20289404690265656
0.16466331481933594
0.1676846444606781
0.1642102748155594
0.21714097261428833
0.19170671701431274
0.19462580978870392
0.15032029151916504
0.1783417910337448
0.11861897259950638
0.2070615291595459
0.14476685225963593
0.19502770900726318
0.15620651841163635
0.166410893201828
0.15708276629447937
0.21345248818397522
0.16522635519504547
0.16517725586891174
0.14304564893245697
0.12842528522014618
0.13965155184268951
0.15028423070907593
0.12021851539611816
0.14810872077941895
0.2626774311065674
0.17182940244674683
0.2057436853647232
0.18048247694969177
0.12199514359235764
0.16525432467460632
0.15088604390621185
0.13905322551727295
0.2127787470817566
0.20175454020500183
0.2040243148803711
0.20715385675430298
0.16010044515132904
0.15026889741420746
0.1367420107126236
0.1652870923280716
0.20679061114788055
0.14046478271484375
0.11352470517158508
0.16033439338207245
0.16636741161346436
0.2054385244846344
0.14573439955711365
0.17872488498687744
0.14387330412864685
0.1501832753419876
0.2251262366771698
0.13361498713493347
0.1938515454530716
0.16412940621376038
0.1851228028535843
0.08396165072917938
0.13991588354110718
0.18444973230361938
0.14537283778190613
0.13651199638843536
0.12945272028446198
0.19623655080795288
0.19655777513980865
0.17140144109725952
0.15278245508670807
0.11084682494401932
0.11838524788618088
0.1655866950750351
0.1751163750886917
0.14838501811027527
0.16636613011360168
0.17468804121017456
0.2068862020969391
0.1694401055574417
0.17164885997772217
0.19148458540439606
0.16326119005680084
0.16854214668273926
0.15444955229759216
0.12451805919408798
0.21937182545661926
0.2267058789730072
0.20983906090259552
0.19331172108650208
0.12558120489120483
0.2312549203634262
0.23403944075107574
0.14408250153064728
0.16671402752399445
0.2086661458015442
0.13815981149673462
0.1346025913953781
0.11574327200651169
0.19076335430145264
0.2007797360420227
0.1764753758907318
0.11823301017284393
0.18495191633701324
0.13724572956562042
0.13810597360134125
0.16687721014022827
0.18536590039730072
0.22470520436763763
0.16708436608314514
0.12345399707555771
0.12805025279521942
0.20364587008953094
0.09688860177993774
0.25181660056114197
0.19213126599788666
0.2207055538892746
0.16026362776756287
0.19847306609153748
0.161995068192482
0.16595514118671417
0.16806606948375702
0.16137109696865082
0.1907472163438797
0.1847337931394577
0.20687074959278107
0.1408485770225525
0.21789243817329407
0.13159245252609253
0.20058803260326385
0.18032187223434448
0.1648288369178772
0.1604064404964447
0.11665955930948257
0.16762840747833252
0.17639337480068207
0.22827684879302979
0.09962088614702225
0.18277759850025177
0.22483398020267487
0.1552550494670868
0.19425922632217407
0.1402164101600647
0.1702272742986679
0.15316586196422577
0.20495939254760742
0.11900819092988968
0.1623581051826477
0.2153860628604889
0.141996830701828
0.08588387817144394
0.14765381813049316
0.1957211196422577
0.22347675263881683
0.1634400486946106
0.18715526163578033
0.19033053517341614
0.11579544842243195
0.19002346694469452
0.2601388990879059
0.12832187116146088
0.16601774096488953
0.1872037798166275
0.17980770766735077
0.16431237757205963
0.18580499291419983
0.2187679260969162
0.1909964382648468
0.12315045297145844
0.14969675242900848
0.18623897433280945
0.23900340497493744
0.1620970368385315
0.20987167954444885
0.13678060472011566
0.15143628418445587
0.15800438821315765
0.1626751869916916
0.19032461941242218
0.16532711684703827
0.13589683175086975
0.19120676815509796
0.12607552111148834
0.15739241242408752
0.13710352778434753
0.16110260784626007
0.14468616247177124
0.1366088092327118
0.15785014629364014
0.18677926063537598
0.14528360962867737
0.18405131995677948
0.14898239076137543
0.1887447088956833
0.17774268984794617
0.19267140328884125
0.2083544135093689
0.15977467596530914
0.1109464168548584
0.16603204607963562
0.18724767863750458
0.1533348709344864
0.16489648818969727
0.1368061751127243
0.1921539008617401
0.1802448332309723
0.10130446404218674
0.16300641000270844
0.16002464294433594
0.16093039512634277
0.11878938972949982
0.15817183256149292
0.1527395248413086
0.158284530043602
0.15037503838539124
0.19626790285110474
0.14988255500793457
0.2157524675130844
0.14490613341331482
0.12116249650716782
0.2031480222940445
0.12581788003444672
0.15902414917945862
0.10114077478647232
0.1546558290719986
0.1507279872894287
0.18065501749515533
0.15529023110866547
0.1961323618888855
0.2254919856786728
0.14068065583705902
0.1780328005552292
0.15687763690948486
0.15764449536800385
0.17407484352588654
0.2410305142402649
0.22168298065662384
0.1763051450252533
0.11239685863256454
0.17409834265708923
0.10876849293708801
0.21788175404071808
0.18904057145118713
0.1842716932296753
0.1640079915523529
0.17634151875972748
0.11786115169525146
0.10917321592569351
0.12659931182861328
0.15485255420207977
0.24920706450939178
0.14745503664016724
0.20465150475502014
0.14870604872703552
0.2760895788669586
0.29055055975914
0.218144953250885
0.13155433535575867
0.16877035796642303
0.06515542417764664
0.14034901559352875
0.15632809698581696
0.1587066799402237
0.10147091001272202
0.1703009456396103
0.12240389734506607
0.16540580987930298
0.13990230858325958
0.2195376455783844
0.13987402617931366
0.16307294368743896
0.23305761814117432
0.16541476547718048
0.1508217304944992
0.16921061277389526
0.16795039176940918
0.15570732951164246
0.16856616735458374
0.18163448572158813
0.16926252841949463
0.21593907475471497
0.1839655637741089
0.1491604596376419
0.08964460343122482
0.11712377518415451
0.13180984556674957
0.17258265614509583
0.16903701424598694
0.1918945014476776
0.261269748210907
0.18916499614715576
0.17108295857906342
0.13980428874492645
0.13395804166793823
0.2274092733860016
0.08356895297765732
0.17881901562213898
0.1577768325805664
0.18079432845115662
0.2160387635231018
0.15982317924499512
0.14297203719615936
0.15560559928417206
0.1407715082168579
0.1992630511522293
0.16742219030857086
0.13922958076000214
0.23248903453350067
0.19900372624397278
0.16404429078102112
0.14539378881454468
0.1424037516117096
0.22467660903930664
0.12484884262084961
0.15897829830646515
0.18213777244091034
0.17662276327610016
0.1930413693189621
0.1217261552810669
0.17106609046459198
0.20271433889865875
0.2365763634443283
0.24098603427410126
0.11996868252754211
0.16493846476078033
0.11120927333831787
0.21520258486270905
0.10732957720756531
0.16737526655197144
0.12604475021362305
0.17163245379924774
0.2053624987602234
0.10846851766109467
0.095833420753479
0.17756493389606476
0.18089717626571655
0.16402435302734375
0.15526844561100006
0.15185649693012238
0.17758221924304962
0.14790280163288116
0.14604990184307098
0.2038210928440094
0.18980087339878082
0.18557731807231903
0.17025534808635712
0.16594664752483368
0.15099093317985535
0.16280068457126617
0.15195049345493317
0.2039458155632019
0.2516601085662842
0.13446299731731415
0.1664801836013794
0.17470408976078033
0.23363983631134033
0.16331112384796143
0.17444318532943726
0.19588857889175415
0.21393845975399017
0.22157780826091766
0.1826624572277069
0.14624281227588654
0.14626336097717285
0.26221930980682373
0.1387130469083786
0.1896718293428421
0.16396057605743408
0.12934622168540955
0.17409352958202362
0.16910794377326965
0.20954421162605286
0.22627265751361847
0.20478670299053192
0.19699616730213165
0.18387559056282043
0.15865635871887207
0.1968151181936264
0.13376867771148682
0.13786450028419495
0.19075070321559906
0.2202390879392624
0.1723088175058365
0.09510944038629532
0.18405431509017944
0.11846719682216644
0.15706776082515717
0.15222524106502533
0.17565378546714783
0.21671384572982788
0.17620186507701874
0.16707265377044678
0.13960757851600647
0.12182511389255524
0.18250052630901337
0.116835817694664
0.1645023375749588
0.23818647861480713
0.18759018182754517
0.1344258189201355
0.11644835770130157
0.17866842448711395
0.12401080131530762
0.2012525498867035
0.10196404159069061
0.15137574076652527
0.1727459728717804
0.19593891501426697
0.11100178211927414
0.17403791844844818
0.1415373980998993
0.1328033208847046
0.2201007455587387
0.25216951966285706
0.1963573694229126
0.14353753626346588
0.16387835144996643
0.14934803545475006
0.19130469858646393
0.20958171784877777
0.1673838198184967
0.2525661587715149
0.168614000082016
0.17897342145442963
0.16072547435760498
0.2027655392885208
0.17657555639743805
0.23756609857082367
0.13570284843444824
0.12047194689512253
0.18495340645313263
0.15449374914169312
0.1541452556848526
0.18602727353572845
0.08968868851661682
0.17054666578769684
0.15640923380851746
0.18885420262813568
0.17011180520057678
0.19662588834762573
0.17924831807613373
0.13307152688503265
0.08242792636156082
0.19988077878952026
0.1907428354024887
0.18180949985980988
0.15515601634979248
0.1857844591140747
0.17407788336277008
0.17618803679943085
0.22637717425823212
0.24863874912261963
0.18604376912117004
0.13492654263973236
0.2140137106180191
0.1268204152584076
0.2522146701812744
0.14823810756206512
0.1450262814760208
0.1484644114971161
0.14759041368961334
0.2021709829568863
0.11082153022289276
0.10107650607824326
0.16597317159175873
0.12362518161535263
0.1789499819278717
0.17301136255264282
0.16501574218273163
0.12895353138446808
0.19308312237262726
0.13736005127429962
0.10124725848436356
0.18789640069007874
0.14054904878139496
0.1738365739583969
0.14444954693317413
0.2376205325126648
0.13082987070083618
0.23895643651485443
0.24209372699260712
0.18725690245628357
0.1880565583705902
0.12980450689792633
0.16215994954109192
0.23680630326271057
0.16776502132415771
0.14320529997348785
0.17686335742473602
0.22373050451278687
0.19276542961597443
0.1818399578332901
0.0935162901878357
0.20631884038448334
0.15747162699699402
0.21036790311336517
0.16568295657634735
0.1574946790933609
0.1718451827764511
0.11811626702547073
0.15527138113975525
0.12063854187726974
0.22398842871189117
0.2226397544145584
0.19368772208690643
0.17765946686267853
0.13118095695972443
0.20667944848537445
0.12461002916097641
0.17511464655399323
0.142713263630867
0.1693384051322937
0.21129880845546722
0.1604381799697876
0.12766917049884796
0.2175544798374176
0.1568743735551834
0.1488947719335556
0.16479988396167755
0.18867671489715576
0.12689617276191711
0.1790264993906021
0.1150270327925682
0.2074040323495865
0.15411299467086792
0.22011718153953552
0.2185678333044052
0.182203009724617
0.17746469378471375
0.13538658618927002
0.171840101480484
0.18906357884407043
0.19956481456756592
0.15494008362293243
0.13836851716041565
0.2140936255455017
0.17755208909511566
0.16141122579574585
0.17787189781665802
0.19957716763019562
0.17700748145580292
0.1893584132194519
0.1074272096157074
0.1424945592880249
0.2009180337190628
0.2071520984172821
0.2537482678890228
0.08899164944887161
0.12821361422538757
0.1938839554786682
0.14227677881717682
0.14087355136871338
0.14204522967338562
0.23306843638420105
0.10585540533065796
0.16249270737171173
0.1414853185415268
0.13975386321544647
0.16377171874046326
0.2694152891635895
0.1774260401725769
0.14583314955234528
0.1580365151166916
0.14724209904670715
0.09791356325149536
0.19042383134365082
0.11413547396659851
0.18944987654685974
0.23324838280677795
0.13734400272369385
0.1264781951904297
0.22285164892673492
0.22700008749961853
0.1738562285900116
0.15245842933654785
0.17214390635490417
0.193088561296463
0.15927569568157196
0.2173340767621994
0.23115785419940948
0.2093285322189331
0.17336392402648926
0.15608210861682892
0.14471612870693207
0.19434607028961182
0.2789536416530609
0.12849462032318115
0.13238102197647095
0.18044783174991608
0.18081805109977722
0.21981069445610046
0.12220627814531326
0.20099283754825592
0.1404983550310135
0.1315235048532486
0.17271801829338074
0.1885792762041092
0.19355086982250214
0.21823939681053162
0.15829631686210632
0.17070037126541138
0.15248510241508484
0.1886657029390335
0.16686004400253296
0.14620234072208405
0.09446443617343903
0.14886386692523956
0.24547536671161652
0.1720869094133377
0.1440214216709137
0.1637946367263794
0.23835575580596924
0.13658910989761353
0.21246124804019928
0.1670512855052948
0.2765522003173828
0.19618822634220123
0.1237054094672203
0.15508581697940826
0.14969995617866516
0.18829962611198425
0.17890676856040955
0.10325158387422562
0.14706368744373322
0.20629583299160004
0.10355707257986069
0.27759501338005066
0.14307235181331635
0.1252337396144867
0.16589248180389404
0.14030787348747253
0.20222711563110352
0.21478255093097687
0.20647038519382477
0.16838175058364868
0.23772293329238892
0.13841716945171356
0.16161194443702698
0.14988218247890472
0.10702681541442871
0.16117031872272491
0.13266180455684662
0.12155261635780334
0.10338208079338074
0.1424441933631897
0.18853557109832764
0.20230652391910553
0.19037705659866333
0.16034246981143951
0.19994743168354034
0.20585276186466217
0.13353009521961212
0.19279369711875916
0.09762889891862869
0.18226176500320435
0.30910223722457886
0.18503515422344208
0.17705585062503815
0.17181922495365143
0.21420282125473022
0.15915535390377045
0.12801805138587952
0.2549561858177185
0.2085324078798294
0.20108918845653534
0.14141978323459625
0.13265883922576904
0.2133006751537323
0.14147184789180756
0.1330089271068573
0.17572897672653198
0.2046312689781189
0.1957186609506607
0.16728374361991882
0.15212152898311615
0.1172870397567749
0.16384559869766235
0.23855191469192505
0.24802015721797943
0.1627783626317978
0.12330148369073868
0.15308721363544464
0.14922654628753662
0.2092294692993164
0.17086899280548096
0.19852808117866516
0.17048008739948273
0.1417650580406189
0.17087668180465698
0.22026948630809784
0.12375056743621826
0.2599276602268219
0.17775708436965942
0.1254793405532837
0.2123989462852478
0.1314825713634491
0.2513156533241272
0.17452503740787506
0.14751243591308594
0.17681829631328583
0.20817717909812927
0.12348204106092453
0.20633020997047424
0.14855468273162842
0.2230958491563797
0.17497827112674713
0.15213166177272797
0.16831593215465546
0.16798532009124756
0.13327361643314362
0.15561412274837494
0.10157062113285065
0.16650861501693726
0.2398262917995453
0.21313966810703278
0.24084173142910004
0.15129265189170837
0.18705448508262634
0.20703977346420288
0.2071097046136856
0.20176702737808228
0.17545165121555328
0.1552748829126358
0.16536104679107666
0.19157008826732635
0.16644246876239777
0.12794619798660278
0.1650964319705963
0.22285734117031097
0.21030597388744354
0.1930888295173645
0.14196544885635376
0.15661190450191498
0.16789764165878296
0.2478727102279663
0.16545461118221283
0.1673554927110672
0.20324045419692993
0.17251557111740112
0.16142241656780243
0.16312234103679657
0.19810821115970612
0.19699928164482117
0.14267247915267944
0.1518889218568802
0.13407713174819946
0.20245800912380219
0.12494602054357529
0.20590811967849731
0.17411231994628906
0.17025873064994812
0.21507835388183594
0.13540464639663696
0.1412343531847
0.1849648803472519
0.12813499569892883
0.18547889590263367
0.16574625670909882
0.19073277711868286
0.16396649181842804
0.17135778069496155
0.15097063779830933
0.19489295780658722
0.17136119306087494
0.1822454333305359
0.24281816184520721
0.1146467998623848
0.1455651968717575
0.1296437531709671
0.1139734536409378
0.1564587652683258
0.1404666155576706
0.45479971170425415
0.16795070469379425
0.15121915936470032
0.17406605184078217
0.13748444616794586
0.13087187707424164
0.1657426357269287
0.18544456362724304
0.16710025072097778
0.12440439313650131
0.14793896675109863
0.1889258325099945
0.20910337567329407
0.17316588759422302
0.17560110986232758
0.17400160431861877
0.2050425261259079
0.1013074517250061
0.11604131758213043
0.08812451362609863
0.12587526440620422
0.21960176527500153
0.2552468180656433
0.16685284674167633
0.21455015242099762
0.27049925923347473
0.15301702916622162
0.16936859488487244
0.2282181829214096
0.15141385793685913
0.18224237859249115
0.14510947465896606
0.1474999636411667
0.14067532122135162
0.178008571267128
0.13623782992362976
0.17775213718414307
0.16978661715984344
0.1329648196697235
0.16760367155075073
0.2205696851015091
0.1807747483253479
0.20336148142814636
0.17885616421699524
0.2068711817264557
0.1678609848022461
0.12048265337944031
0.19128045439720154
0.18475987017154694
0.1839103251695633
0.14859960973262787
0.15463894605636597
0.18619629740715027
0.1983710080385208
0.16772571206092834
0.18066778779029846
0.252092182636261
0.14993803203105927
0.1361008584499359
0.1562870591878891
0.23213347792625427
0.12785311043262482
0.1668248176574707
0.15645325183868408
0.1476300060749054
0.19664126634597778
0.16147488355636597
0.1623084396123886
0.1755983829498291
0.14370232820510864
0.17441408336162567
0.12943124771118164
0.20048277080059052
0.1788581907749176
0.17660537362098694
0.17802941799163818
0.1656091809272766
0.19469182193279266
0.20639163255691528
0.12086817622184753
0.1680109053850174
0.18796859681606293
0.1558445394039154
0.1718253344297409
0.12053985893726349
0.23392228782176971
0.22551009058952332
0.23381252586841583
0.10266532748937607
