1.208452582359314
0.3352397382259369
0.24170713126659393
0.11424145847558975
0.2664291560649872
0.0773884728550911
0.11750729382038116
0.07884875684976578
0.1845860630273819
0.18269553780555725
0.3127713203430176
0.27175572514533997
0.2140558660030365
0.1488465666770935
0.16581271588802338
0.28029704093933105
0.2611916661262512
0.23288071155548096
0.16234101355075836
0.05029996857047081
0.2798985242843628
0.09715812653303146
0.07916572690010071
0.15781623125076294
0.16842320561408997
0.27179059386253357
0.17368315160274506
0.14777985215187073
0.2578141689300537
0.2200629562139511
0.15404994785785675
0.14784453809261322
0.10831687599420547
0.1535755693912506
0.1601606011390686
0.14575251936912537
0.1294918954372406
0.10388652235269547
0.28433963656425476
0.1552862673997879
0.1328149139881134
0.16486084461212158
0.13054724037647247
0.06310830265283585
0.08096220344305038
0.10709646344184875
0.15730451047420502
0.1175067201256752
0.17620305716991425
0.16421757638454437
0.09266621619462967
0.18063880503177643
0.09844930469989777
0.12252539396286011
0.16057203710079193
0.194186732172966
0.1273510456085205
0.16011875867843628
0.09357260912656784
0.1611097902059555
0.15018948912620544
0.07199323177337646
0.09812642633914948
0.19858181476593018
0.1288512498140335
0.1133914515376091
0.16805820167064667
0.2688352167606354
0.21521633863449097
0.31181207299232483
0.15151692926883698
0.16993072628974915
0.0703096091747284
0.20299848914146423
0.15643273293972015
0.20611624419689178
0.21216195821762085
0.14892931282520294
0.10758548229932785
0.11789744347333908
0.295646607875824
0.1599821150302887
0.16299223899841309
0.16236665844917297
0.1775549203157425
0.11439560353755951
0.1954508274793625
0.22015251219272614
0.15178389847278595
0.19538605213165283
0.15948596596717834
0.2551657259464264
0.0563296340405941
0.1601478010416031
0.2397828996181488
0.14657500386238098
0.19190168380737305
0.1722756177186966
0.09934200346469879
0.16205944120883942
0.1779150664806366
0.14471115171909332
0.14163227379322052
0.15356062352657318
0.19349612295627594
0.15574729442596436
0.20165850222110748
0.08557282388210297
0.0925656110048294
0.22375234961509705
0.19416175782680511
0.09503427147865295
0.12878426909446716
0.19075444340705872
0.15437859296798706
0.0814325213432312
0.1609216332435608
0.17522446811199188
0.17887407541275024
0.11890074610710144
0.16443946957588196
0.1942417472600937
0.2645784914493561
0.19892701506614685
0.09219702333211899
0.08791372179985046
0.2516045868396759
0.11130391061306
0.21346987783908844
0.20150868594646454
0.16765159368515015
0.1032944768667221
0.12829646468162537
0.14737218618392944
0.1578042209148407
0.19883427023887634
0.07728217542171478
0.19249430298805237
0.15946431457996368
0.1418985277414322
0.19959980249404907
0.13125672936439514
0.16525492072105408
0.2348836064338684
0.15021473169326782
0.13198965787887573
0.1342749446630478
0.17040365934371948
0.2452700138092041
0.1399158239364624
0.13609164953231812
0.2665291726589203
0.11880740523338318
0.11186480522155762
0.12434501200914383
0.14708460867404938
0.13095268607139587
0.16874365508556366
0.18670524656772614
0.13480088114738464
0.1885978877544403
0.23886284232139587
0.1848703771829605
0.12376413494348526
0.14106152951717377
0.11974961310625076
0.21672621369361877
0.13299232721328735
0.1916906237602234
0.18913431465625763
0.2039039433002472
0.22374273836612701
0.27637800574302673
0.16911356151103973
0.4162124693393707
0.3054923117160797
0.14756350219249725
0.14042672514915466
0.2333621233701706
0.20062269270420074
0.21798484027385712
0.08099555224180222
0.17612513899803162
0.2041969895362854
0.11179667711257935
0.17443275451660156
0.11289233714342117
0.15873758494853973
0.10100378841161728
0.2520281672477722
0.15105827152729034
0.14029031991958618
0.10394835472106934
0.13489408791065216
0.13321776688098907
0.12346314638853073
0.10897409915924072
0.25500816106796265
0.3086596131324768
0.15692129731178284
0.14782880246639252
0.2058899849653244
0.13472074270248413
0.2193894386291504
0.1377001255750656
0.09855677932500839
0.24041371047496796
0.11123993992805481
0.21810096502304077
0.15918751060962677
0.16457433998584747
0.15453378856182098
0.1046006828546524
0.14089518785476685
0.1602502167224884
0.1556064635515213
0.16565699875354767
0.1719387322664261
0.1253965049982071
0.1194021999835968
0.19109240174293518
0.17712216079235077
0.11742933094501495
0.19592128694057465
0.20779845118522644
0.16369648277759552
0.1597166806459427
0.17338323593139648
0.07870061695575714
0.25445184111595154
0.2083587795495987
0.20739561319351196
0.15998224914073944
0.1915181428194046
0.21958965063095093
0.12099877744913101
0.0692455917596817
0.11290203034877777
0.1906091719865799
0.33556944131851196
0.18446022272109985
0.18777602910995483
0.21144652366638184
0.259324848651886
0.18416139483451843
0.2173755168914795
0.1812399923801422
0.21958748996257782
0.06529243290424347
0.17030851542949677
0.17333747446537018
0.17258448898792267
0.25573429465293884
0.1427876353263855
0.17172808945178986
0.20386846363544464
0.14166344702243805
0.16934169828891754
0.13096696138381958
0.2862469553947449
0.2647359371185303
0.23058152198791504
0.14348523318767548
0.14334158599376678
0.15961796045303345
0.2231612652540207
0.19421228766441345
0.2527015507221222
0.17795123159885406
0.12350229173898697
0.11943228542804718
0.08740375936031342
0.13376356661319733
0.11529865860939026
0.07449458539485931
0.2716844379901886
0.11856063455343246
0.14190609753131866
0.24059584736824036
0.26596176624298096
0.1467694491147995
0.1999019831418991
0.22924895584583282
0.1370549499988556
0.25558751821517944
0.312444806098938
0.2338741272687912
0.17035481333732605
0.23998050391674042
0.16606831550598145
0.21994651854038239
0.16322177648544312
0.11104188859462738
0.21465013921260834
0.1437053084373474
0.18227235972881317
0.18313977122306824
0.08423326164484024
0.22745612263679504
0.26616647839546204
0.28552407026290894
0.1933380365371704
0.1406557708978653
0.16878704726696014
0.1596054881811142
0.18373924493789673
0.21841271221637726
0.0273879487067461
0.11618921160697937
0.1921377032995224
0.20650099217891693
0.20529882609844208
0.13075338304042816
0.08680287003517151
0.13926370441913605
0.1925102323293686
0.27569934725761414
0.16790027916431427
0.14255176484584808
0.28072911500930786
0.06863629072904587
0.23771460354328156
0.20115779340267181
0.19594909250736237
0.16706304252147675
0.05114772915840149
0.11516539752483368
0.2406339943408966
0.20003798604011536
0.2895553410053253
0.13314226269721985
0.27339065074920654
0.14890404045581818
0.165472611784935
0.25986355543136597
0.18553489446640015
0.20732247829437256
0.1719408631324768
0.20091314613819122
0.25894856452941895
0.14677906036376953
0.07073157280683517
0.2821439802646637
0.16109763085842133
0.21443356573581696
0.15863212943077087
0.2506842315196991
0.2604004144668579
0.14873556792736053
0.2921857535839081
0.2169961780309677
0.20721828937530518
0.20250852406024933
0.18346130847930908
0.11214451491832733
0.19528841972351074
0.1319567859172821
0.23236499726772308
0.19706594944000244
0.20109257102012634
0.16858325898647308
0.16242030262947083
0.2736159563064575
0.2871619462966919
0.2317240685224533
0.23168039321899414
0.25711706280708313
0.21513913571834564
0.10589715093374252
0.27298831939697266
0.1603640913963318
0.1477079838514328
0.24178199470043182
0.08434297144412994
0.15102817118167877
0.5340696573257446
0.18767356872558594
0.0892811045050621
0.2166430801153183
0.14494715631008148
0.11841223388910294
0.06574732810258865
0.09007079899311066
0.07566323131322861
0.08024422079324722
0.1172085553407669
0.22849544882774353
0.2146509438753128
0.2124427706003189
0.16544289886951447
0.20258376002311707
0.12181538343429565
0.20739415287971497
0.08569405972957611
0.12790092825889587
0.17673182487487793
0.2371441125869751
0.14086323976516724
0.14974577724933624
0.12827081978321075
0.20313942432403564
0.08314850181341171
0.21072883903980255
0.08626116067171097
0.14972279965877533
0.10528772324323654
0.09440112859010696
0.11890053749084473
0.21713440120220184
0.1258683055639267
0.1269572526216507
0.20099839568138123
0.1585155427455902
0.15490618348121643
0.22773879766464233
0.17119301855564117
0.18169918656349182
0.14783599972724915
0.2068869173526764
0.1576356589794159
0.11963967978954315
0.11173415929079056
0.13131016492843628
0.24637289345264435
0.1696203202009201
0.09631456434726715
0.15666411817073822
0.10937007516622543
0.15288209915161133
0.21340647339820862
0.18126611411571503
0.12432485073804855
0.09982737898826599
0.2714018225669861
0.19121626019477844
0.2293042093515396
0.22835823893547058
0.20499186217784882
0.15292276442050934
0.11818398535251617
0.20878639817237854
0.14278225600719452
0.18547286093235016
0.17685513198375702
0.14280663430690765
0.17036469280719757
0.23782271146774292
0.10242033749818802
0.0821852758526802
0.11714232712984085
0.264343798160553
0.18284443020820618
0.15930618345737457
0.15465503931045532
0.23816132545471191
0.05162827670574188
0.20267954468727112
0.21413542330265045
0.20295213162899017
0.15919287502765656
0.2220640629529953
0.11202319711446762
0.24448424577713013
0.19165858626365662
0.09825199842453003
0.15791179239749908
0.22610700130462646
0.14532141387462616
0.15547221899032593
0.07453469932079315
0.14592362940311432
0.14257749915122986
0.1670026332139969
0.1419474184513092
0.2456359565258026
0.19717851281166077
0.19052082300186157
0.12484460324048996
0.2367560863494873
0.07159027457237244
0.23593102395534515
0.28004661202430725
0.06302119046449661
0.24047544598579407
0.2976488471031189
0.250126451253891
0.18205949664115906
0.10655297338962555
0.14643990993499756
0.15781261026859283
0.16839681565761566
0.2696113586425781
0.2359910011291504
0.18108181655406952
0.12813492119312286
0.3107188642024994
0.12286469340324402
0.16410928964614868
0.22213755548000336
0.19212575256824493
0.27631378173828125
0.21979129314422607
0.1471666544675827
0.125260129570961
0.11701997369527817
0.11013061553239822
0.15604303777217865
0.2753075957298279
0.1514076441526413
0.15656355023384094
0.12969012558460236
0.15874314308166504
0.14920072257518768
0.11168103665113449
0.24131512641906738
0.14140763878822327
0.08534927666187286
0.16940729320049286
0.22314512729644775
0.20947465300559998
0.17043501138687134
0.1324947327375412
0.266431599855423
0.2518376410007477
0.19273166358470917
0.10752780735492706
0.13392066955566406
0.25760120153427124
0.130079448223114
0.12542621791362762
0.16145026683807373
0.27166804671287537
0.1805734932422638
0.17110905051231384
0.14868244528770447
0.18673017621040344
0.15905022621154785
0.2142055183649063
0.11168652772903442
0.14522132277488708
0.13186505436897278
0.2509632408618927
0.17997416853904724
0.19136415421962738
0.19666814804077148
0.1679731011390686
0.1690692901611328
0.09099175781011581
0.2115219384431839
0.0873483195900917
0.16506507992744446
0.18201115727424622
0.21103133261203766
0.2172185778617859
0.17554350197315216
0.1041431576013565
0.16272538900375366
0.2101535052061081
0.2790154814720154
0.1344875693321228
0.13023675978183746
0.18682363629341125
0.17028403282165527
0.11811559647321701
0.09429897367954254
0.1316816508769989
0.1621318757534027
0.06823521852493286
0.24954557418823242
0.25880637764930725
0.1750747710466385
0.16829566657543182
0.2810174822807312
0.21820250153541565
0.21553030610084534
0.15957927703857422
0.2268391251564026
0.1948789805173874
0.22474882006645203
0.1625308096408844
0.18674945831298828
0.25894662737846375
0.15731586515903473
0.22501076757907867
0.2184564173221588
0.18040747940540314
0.29536619782447815
0.2431466281414032
0.21159560978412628
0.14373569190502167
0.15668684244155884
0.1884600967168808
0.1372842788696289
0.16920581459999084
0.14319397509098053
0.18074467778205872
0.17060750722885132
0.22916710376739502
0.21454264223575592
0.11140526831150055
0.12395366281270981
0.21822436153888702
0.24133700132369995
0.2234189659357071
0.22562186419963837
0.21337944269180298
0.20862409472465515
0.2567579448223114
0.1686161309480667
0.17710264027118683
0.07692454010248184
0.07349342852830887
0.12678559124469757
0.3599609434604645
0.14896570146083832
0.15195758640766144
0.29312241077423096
0.12341096252202988
0.1503848284482956
0.10641004145145416
0.10531451553106308
0.035869985818862915
0.14586041867733002
0.2637001872062683
0.2763523757457733
0.17367683351039886
0.13633820414543152
0.23400932550430298
0.3409731686115265
0.15376617014408112
0.2809114158153534
0.22815600037574768
0.17047272622585297
0.12941071391105652
0.21095901727676392
0.11399877071380615
0.15903952717781067
0.16830651462078094
0.15389420092105865
0.17912253737449646
0.1825808882713318
0.21077069640159607
0.15324701368808746
0.18287745118141174
0.2009880691766739
0.15024727582931519
0.08587998151779175
0.14515097439289093
0.14017030596733093
0.2666723132133484
0.1727597862482071
0.325501024723053
0.21796895563602448
0.1838454008102417
0.26333364844322205
0.10956253856420517
0.21495822072029114
0.1627003252506256
0.2109190821647644
0.17949050664901733
0.16661761701107025
0.20753395557403564
0.1364695429801941
0.13815216720104218
0.27111202478408813
0.1960219144821167
0.23484507203102112
0.06703159958124161
0.1264304518699646
0.10160841792821884
0.15873983502388
0.13314364850521088
0.1303836852312088
0.08698289841413498
0.12980803847312927
0.2277994453907013
0.143040269613266
0.25158751010894775
0.12220641225576401
0.2028941512107849
0.23819942772388458
0.043480437248945236
0.10479921847581863
0.11387668550014496
0.23554013669490814
0.10603009164333344
0.13464921712875366
0.14497151970863342
0.2535770833492279
0.2188950628042221
0.14602205157279968
0.10788623243570328
0.11205469071865082
0.23693537712097168
0.18537098169326782
0.25789886713027954
0.19171398878097534
0.2797243595123291
0.23447652161121368
0.20165222883224487
0.10723757743835449
0.21441391110420227
0.12488194555044174
0.23554134368896484
0.10122961550951004
0.1469082236289978
0.2644679844379425
0.1567007452249527
0.09527871012687683
0.15199591219425201
0.1050686240196228
0.1529712677001953
0.2040719985961914
0.1107543408870697
0.15975254774093628
0.08747255057096481
0.18672585487365723
0.19289585947990417
0.10111681371927261
0.1691868156194687
0.15017452836036682
0.19555915892124176
0.15763318538665771
0.14395926892757416
0.20250461995601654
0.16932593286037445
0.18435920774936676
0.23996764421463013
0.1532900184392929
0.09459733217954636
0.11106040328741074
0.10614874213933945
0.1998116821050644
0.2487248331308365
0.1373840868473053
0.18263433873653412
0.16956397891044617
0.19650596380233765
0.15176187455654144
0.08297207951545715
0.19913384318351746
0.09394323825836182
0.2625684440135956
0.09416656196117401
0.25787895917892456
0.22519944608211517
0.14188215136528015
0.17403893172740936
0.1612914651632309
0.24113775789737701
0.10536117851734161
0.20619454979896545
0.22527924180030823
0.19226758182048798
0.15454816818237305
0.15112441778182983
0.12613949179649353
0.09108728915452957
0.13535502552986145
0.09285683929920197
0.17855513095855713
0.2244815230369568
0.16014033555984497
0.10490953922271729
0.11814375221729279
0.10646454244852066
0.17267566919326782
0.20744159817695618
0.12471610307693481
0.1853637844324112
0.18921640515327454
0.10403876006603241
0.12220197170972824
0.24250969290733337
0.14025349915027618
0.12099340558052063
0.2099265456199646
0.21150721609592438
0.2694545090198517
0.22373677790164948
0.11827501654624939
0.2034909874200821
0.26056885719299316
0.15095539391040802
0.20487739145755768
0.2532554566860199
0.18546028435230255
0.1361328810453415
0.18893975019454956
0.10666363686323166
0.17076066136360168
0.19439943134784698
0.2145470380783081
0.15437740087509155
0.03240225464105606
0.18947093188762665
0.17603997886180878
0.22117936611175537
0.09277300536632538
0.14045216143131256
0.06989864259958267
0.22234274446964264
0.15429610013961792
0.16995185613632202
0.2232251614332199
0.14779596030712128
0.18827369809150696
0.23066051304340363
0.140788272023201
0.20929861068725586
0.23102909326553345
0.2448054552078247
0.21085485816001892
0.12102928757667542
0.16464495658874512
0.15679515898227692
0.1676812767982483
0.15853117406368256
0.11821050941944122
0.08311836421489716
0.1506171077489853
0.19145169854164124
0.15429368615150452
0.21399882435798645
0.25176405906677246
0.15285168588161469
0.14579996466636658
0.09657532721757889
0.14934906363487244
0.13880372047424316
0.2365197241306305
0.17440706491470337
0.20848378539085388
0.13162806630134583
0.18240192532539368
0.17618142068386078
0.16837774217128754
0.14827868342399597
0.20197421312332153
0.1379126012325287
0.18076002597808838
0.23125983774662018
0.17125342786312103
0.1697070300579071
0.19447100162506104
0.14099672436714172
0.22691412270069122
0.14866940677165985
0.15066726505756378
0.10215049982070923
0.19671645760536194
0.19016218185424805
0.05544038489460945
0.14405052363872528
0.13680680096149445
0.11134593933820724
0.15062566101551056
0.20283862948417664
0.16452212631702423
0.2361951470375061
0.15414026379585266
0.12280341982841492
0.07516009360551834
0.1229362040758133
0.19801822304725647
0.26527705788612366
0.25556766986846924
0.21523860096931458
0.20552462339401245
0.2050013542175293
0.15072673559188843
0.18900488317012787
0.21579353511333466
0.2067340910434723
0.20569932460784912
0.14482030272483826
0.172698512673378
0.2024116814136505
0.2314710170030594
0.1788244992494583
0.23188449442386627
0.17059893906116486
0.16913779079914093
0.13427607715129852
0.17664769291877747
0.17619755864143372
0.20948036015033722
0.16189390420913696
0.1204332709312439
0.06860288232564926
0.14483846724033356
0.21749116480350494
0.21128927171230316
0.21726539731025696
0.2108386904001236
0.15850912034511566
0.16325096786022186
0.13054315745830536
0.16201935708522797
0.16483314335346222
0.173939511179924
0.14408740401268005
0.17070229351520538
0.13837282359600067
0.14254987239837646
0.15822114050388336
0.0967593714594841
0.07707280665636063
0.1772529035806656
0.1779506504535675
0.17450472712516785
0.3438975214958191
0.24849243462085724
0.20237016677856445
0.24271787703037262
0.11505012959241867
0.13358035683631897
0.1651555299758911
0.27634647488594055
0.25828656554222107
0.18103398382663727
0.1492302119731903
0.13823682069778442
0.20241022109985352
0.15219734609127045
0.17061613500118256
0.1478094607591629
0.15208235383033752
0.19298438727855682
0.18214598298072815
0.30441126227378845
0.21116159856319427
0.17600388824939728
0.19908881187438965
0.2113666832447052
0.16342051327228546
0.0913836732506752
0.14059315621852875
0.1404763162136078
0.15807808935642242
0.24882197380065918
0.13435395061969757
0.1005650982260704
0.19843055307865143
0.1718093305826187
0.08427103608846664
0.18076668679714203
0.09993340075016022
0.16902948915958405
0.11844140291213989
0.14974239468574524
0.09185738861560822
0.18569473922252655
0.2473209947347641
0.13428616523742676
0.15529820322990417
0.07940758764743805
0.18935546278953552
0.1981898844242096
0.1700800508260727
0.18866965174674988
0.18729686737060547
0.18630394339561462
0.20716539025306702
0.1641673743724823
0.20862366259098053
0.13480928540229797
0.17350691556930542
0.11771409958600998
0.16630300879478455
0.1880108267068863
0.14204615354537964
0.24593906104564667
0.15392835438251495
0.2553718090057373
0.1862962245941162
0.16372816264629364
0.1090635284781456
0.1042729988694191
0.11463719606399536
0.20843426883220673
0.22804202139377594
0.22547374665737152
0.20051085948944092
0.24424929916858673
0.13943322002887726
0.18727818131446838
0.18656156957149506
0.12087995558977127
0.2083442658185959
0.16693100333213806
0.17145979404449463
0.20276343822479248
0.12057625502347946
0.1404266357421875
0.1450720578432083
0.11126190423965454
0.20563079416751862
0.2608918249607086
0.12470442056655884
0.09517429769039154
0.3245723247528076
0.10667901486158371
0.15421321988105774
0.22445429861545563
0.14118491113185883
0.22030103206634521
0.18103307485580444
0.18567073345184326
0.2352818101644516
0.23241357505321503
0.18082821369171143
0.1855839639902115
0.22806422412395477
0.11063436418771744
0.14752300083637238
0.24626749753952026
0.21267428994178772
0.13003228604793549
0.16105084121227264
0.0833764299750328
0.2015436291694641
0.2506551146507263
0.1680474430322647
0.08327901363372803
0.134803906083107
0.18277454376220703
0.05533091723918915
0.28304171562194824
0.1634529083967209
0.19382111728191376
0.1572394073009491
0.24265089631080627
0.1598256677389145
0.2630699872970581
0.09223470836877823
0.24808208644390106
0.047722507268190384
0.1282363384962082
0.28314393758773804
0.1690647006034851
0.2865324914455414
0.16449564695358276
0.15999656915664673
0.1531619280576706
0.2681044340133667
0.09988361597061157
0.18307030200958252
0.12072428315877914
0.1364448070526123
0.14737479388713837
0.13044694066047668
0.15757456421852112
0.05379315838217735
0.18159613013267517
0.10732625424861908
0.09160721302032471
0.15171825885772705
0.18137232959270477
0.17804193496704102
0.15655574202537537
0.14053775370121002
0.25589287281036377
0.07743476331233978
0.0846915990114212
0.06399253755807877
0.16764014959335327
0.04168020561337471
0.13501091301441193
0.18318571150302887
0.13200072944164276
0.19362600147724152
0.21319174766540527
0.11093772947788239
0.15119929611682892
0.21334199607372284
0.2290026843547821
0.17897696793079376
0.12241970002651215
0.17645876109600067
0.1741436868906021
0.20134492218494415
0.21047833561897278
0.1687728762626648
0.04193665087223053
0.1737785041332245
0.2425994575023651
0.14942222833633423
0.2253924012184143
0.26278120279312134
0.08158321678638458
0.28108978271484375
0.22298556566238403
0.15044866502285004
0.19460883736610413
0.17244121432304382
0.26131337881088257
0.06806648522615433
0.20324982702732086
0.11938031762838364
0.12780749797821045
0.22264797985553741
0.18697088956832886
0.1071002334356308
0.18252691626548767
0.173065185546875
0.13643118739128113
0.17214751243591309
0.20014554262161255
0.19718071818351746
0.16177250444889069
0.1682727038860321
0.08891615271568298
0.14328840374946594
0.2504223585128784
0.1140085831284523
0.110541433095932
0.14809885621070862
0.10697517544031143
0.22628045082092285
0.2950502038002014
0.1418795883655548
0.1235387772321701
0.2149537205696106
0.2625270187854767
0.10651063174009323
0.16142487525939941
0.12474490702152252
0.1131567731499672
0.21386688947677612
0.12510912120342255
0.3201594352722168
0.16424064338207245
0.2283775359392166
0.24065783619880676
0.1944802701473236
0.16134867072105408
0.18661169707775116
0.29574155807495117
0.177952840924263
0.181334987282753
0.2269708663225174
0.18508903682231903
0.20692190527915955
0.24526923894882202
0.16713224351406097
0.14570999145507812
0.16780443489551544
0.12258141487836838
0.22233259677886963
0.19345293939113617
0.2156190574169159
0.2072160542011261
0.20594896376132965
0.1963585913181305
0.22815853357315063
0.13773928582668304
0.19047951698303223
0.16300223767757416
0.26523491740226746
0.10721792280673981
0.23972731828689575
0.27717524766921997
0.18626254796981812
0.20400390028953552
0.17375636100769043
0.1670692265033722
0.12396221607923508
0.1742614358663559
0.20239542424678802
0.0980992466211319
0.12412925064563751
0.2857900857925415
0.23034077882766724
0.22202177345752716
0.15498566627502441
0.14405106008052826
0.21441489458084106
0.0978686735033989
0.14772044122219086
0.1809799075126648
0.21893291175365448
0.12163803726434708
0.15773317217826843
0.09020734578371048
0.31922170519828796
0.14544320106506348
0.2534179389476776
0.3009163439273834
0.1853346973657608
0.11936839669942856
0.18929587304592133
0.25896596908569336
0.1432475596666336
0.24943943321704865
0.2503657937049866
0.27346715331077576
0.16923131048679352
0.17547722160816193
0.15514901280403137
0.21507130563259125
0.2171602100133896
0.12857013940811157
0.1402364820241928
0.1598707139492035
0.12952882051467896
0.17809195816516876
0.1435699760913849
0.2634480595588684
0.1749618649482727
0.19355526566505432
0.156130850315094
0.09508448094129562
0.18475259840488434
0.14811816811561584
0.03295828029513359
0.17672985792160034
0.17804177105426788
0.14490510523319244
0.19671308994293213
0.12590403854846954
0.2128266990184784
0.10921206325292587
0.23204290866851807
0.15352529287338257
0.07614841312170029
0.09439337253570557
0.16304448246955872
0.10471583157777786
0.1913827359676361
0.12580929696559906
0.14905261993408203
0.13728149235248566
0.16032779216766357
0.113804891705513
0.2649393081665039
0.18739718198776245
0.09894439578056335
0.14144809544086456
0.22474658489227295
0.17108768224716187
0.10426907986402512
0.18235452473163605
0.39306551218032837
0.10144984722137451
0.07970263063907623
0.11461682617664337
0.11196203529834747
0.08786390721797943
0.14194414019584656
0.15029653906822205
0.13312077522277832
0.1934330016374588
0.11073313653469086
0.14245541393756866
0.06157919764518738
0.1781669408082962
0.18750406801700592
0.1871793568134308
0.12202385812997818
0.15649102628231049
0.11154297739267349
0.20972463488578796
0.1429503858089447
0.21832698583602905
0.3182556629180908
0.18910177052021027
0.24049752950668335
0.19597667455673218
0.22483927011489868
0.11001358181238174
0.13401781022548676
0.12230786681175232
0.1926703304052353
0.2729812562465668
0.14983907341957092
0.12301503866910934
0.11369795352220535
0.20869401097297668
0.2661552131175995
0.15614289045333862
0.14730820059776306
0.17693661153316498
0.15829966962337494
0.1331644356250763
0.22571320831775665
0.2525162994861603
0.27543920278549194
0.1600647270679474
0.15408071875572205
0.2063836008310318
0.18719340860843658
0.1852617710828781
0.2637287378311157
0.19373755156993866
0.12864679098129272
0.18290884792804718
0.21606536209583282
0.2039390206336975
0.26628419756889343
0.24061545729637146
0.19162264466285706
0.20680774748325348
0.12402088940143585
0.14013005793094635
0.20691072940826416
0.1650840938091278
0.11708953231573105
0.12907859683036804
0.1850193738937378
0.10042976588010788
0.1159353256225586
0.05422108992934227
0.12100613862276077
0.16324782371520996
0.2250751107931137
0.2623865306377411
0.17423631250858307
0.20573827624320984
0.17401227355003357
0.12336058914661407
0.08831354230642319
0.08240815997123718
0.11214771121740341
0.21543794870376587
0.16655303537845612
0.08830179274082184
0.11664392054080963
0.13619691133499146
0.27534475922584534
0.21177710592746735
0.18469037115573883
0.16282857954502106
0.1716325283050537
0.1681690514087677
0.14957264065742493
0.20067307353019714
0.3361698091030121
0.14526425302028656
0.08207608014345169
0.1626572608947754
0.1690649688243866
0.204001322388649
0.2462209016084671
0.20465095341205597
0.10862023383378983
0.20342056453227997
0.18851684033870697
0.14789563417434692
0.25042542815208435
0.25130441784858704
0.20719069242477417
0.24950550496578217
0.30168548226356506
0.1347605288028717
0.20426493883132935
0.2411569356918335
0.16092152893543243
0.19301174581050873
0.1511160135269165
0.17875248193740845
0.16066868603229523
0.13573451340198517
0.23449824750423431
0.17035487294197083
0.2501783072948456
0.12197787314653397
0.2832655608654022
0.17585881054401398
0.16538871824741364
0.1681278795003891
0.21243391931056976
0.2271103709936142
0.15609417855739594
0.09830327332019806
0.16924874484539032
0.23080073297023773
0.10459127277135849
0.15125751495361328
0.277597576379776
0.1288195103406906
0.08973633497953415
0.18126559257507324
0.2505384385585785
0.19593356549739838
0.16267439723014832
0.1810462921857834
0.17711232602596283
0.12145645916461945
0.17275218665599823
0.14471958577632904
0.2794240713119507
0.224883034825325
0.1309625506401062
0.1426052302122116
0.3026180863380432
0.07247384637594223
0.1863989382982254
0.28462547063827515
0.10643898695707321
0.27889665961265564
0.1662842184305191
0.1661771833896637
0.06460904330015182
0.16674618422985077
0.1322374939918518
0.16377374529838562
0.1939595639705658
0.1347804069519043
0.13111938536167145
0.21023482084274292
0.2195892482995987
0.2609051764011383
0.1125144362449646
0.24272145330905914
0.18668845295906067
0.18349650502204895
0.1915009468793869
0.1912449449300766
0.21644526720046997
0.16642896831035614
0.1904643326997757
0.23819206655025482
0.195012629032135
0.17086553573608398
0.2759080231189728
0.23495541512966156
0.2181018739938736
0.24791130423545837
0.10918671637773514
0.14653046429157257
0.21314270794391632
0.1608290672302246
0.13792049884796143
0.1602514088153839
0.1554587334394455
0.2075292021036148
0.22101116180419922
0.1404213011264801
0.09246569126844406
0.22339139878749847
0.10712533444166183
0.2093147337436676
0.2909938097000122
0.22127120196819305
0.12112194299697876
0.2281734198331833
0.06775406748056412
0.008473842404782772
0.0737319365143776
0.1537187695503235
0.11595702171325684
0.12119947373867035
0.193552166223526
0.101280577480793
0.13317760825157166
0.20948214828968048
0.1134590432047844
0.1903371810913086
0.1763419210910797
0.21561789512634277
0.19316968321800232
0.09729815274477005
0.2624001204967499
0.1479792445898056
0.2383776307106018
0.10672666132450104
0.21872152388095856
0.28279587626457214
0.13452903926372528
0.2274492233991623
0.11240372806787491
0.2378789186477661
0.14895710349082947
0.2512790858745575
0.11401313543319702
0.24887634813785553
0.14676699042320251
0.16209033131599426
0.19988831877708435
0.13365739583969116
0.23000392317771912
0.23076863586902618
0.16647934913635254
0.06288595497608185
0.14776939153671265
0.059189192950725555
0.18319107592105865
0.19845710694789886
0.23807285726070404
0.06541752815246582
0.2038327157497406
0.21570353209972382
0.0852525606751442
0.1035907194018364
0.17881366610527039
0.20340341329574585
0.14722192287445068
0.11309807002544403
0.2626180350780487
0.11116565763950348
0.21475322544574738
0.18785017728805542
0.15119121968746185
0.163158118724823
0.14822417497634888
0.26174142956733704
0.24377591907978058
0.044710684567689896
0.12269899249076843
0.21854425966739655
0.09329517185688019
0.13030177354812622
0.17030897736549377
0.24862214922904968
0.09221838414669037
0.16170267760753632
0.22221209108829498
0.12684565782546997
0.08269964158535004
0.14460283517837524
0.1781497746706009
0.13685213029384613
0.20899824798107147
0.1707456111907959
0.13513211905956268
0.22166645526885986
0.16089899837970734
0.12052197754383087
0.1510264277458191
0.24635319411754608
0.16118931770324707
0.11894036084413528
0.17853882908821106
0.18687216937541962
0.21431396901607513
0.19568169116973877
0.07393446564674377
0.12405664473772049
0.1079363152384758
0.05943502485752106
0.1738775074481964
0.17600861191749573
0.144390270113945
0.29225438833236694
0.16980016231536865
0.1963966190814972
0.15530048310756683
0.17435626685619354
0.2639937102794647
0.13356493413448334
0.14738528430461884
0.18500269949436188
0.14275015890598297
0.14997626841068268
0.24319219589233398
0.19574490189552307
0.1400202363729477
0.14836587011814117
0.09149046987295151
0.09904284030199051
0.08783210068941116
0.09944087266921997
0.16561052203178406
0.168849915266037
0.10785923153162003
0.16836082935333252
0.23866727948188782
0.02962002158164978
0.08158177882432938
0.06267867982387543
0.14445479214191437
0.21522343158721924
0.19910582900047302
0.25946244597435
0.21705561876296997
0.07435402274131775
0.1691686064004898
0.09671881794929504
0.269899845123291
0.15739063918590546
0.24003182351589203
0.057041168212890625
0.06765663623809814
0.16011299192905426
0.23629556596279144
0.17392435669898987
0.200970858335495
0.24999447166919708
0.1529524028301239
0.17508003115653992
0.12356678396463394
0.09326555579900742
0.18269580602645874
0.08794503659009933
0.09573765844106674
0.12284388393163681
0.2074672281742096
0.23521217703819275
0.04557616263628006
0.22454482316970825
0.11896265298128128
0.2674109935760498
0.18899555504322052
0.3056871294975281
0.11028202623128891
0.3085702955722809
0.15914101898670197
0.10946793109178543
0.15470585227012634
0.1899041086435318
0.24866195023059845
0.26253628730773926
0.2213440090417862
0.1208944246172905
0.18095017969608307
0.19370204210281372
0.24184563755989075
0.2326718270778656
0.17286008596420288
0.17673002183437347
0.10514405369758606
0.12917010486125946
0.22492484748363495
0.22759439051151276
0.19937117397785187
0.080696702003479
0.23771502077579498
0.10627789795398712
0.11659491062164307
0.14384281635284424
0.08519550412893295
0.19482743740081787
0.1379307508468628
0.20193517208099365
0.19732749462127686
0.12721136212348938
0.1267673224210739
0.11895197629928589
0.18822503089904785
0.027896935120224953
0.14072510600090027
0.12620201706886292
0.26666316390037537
0.05169806256890297
0.08601932972669601
0.1909092664718628
0.13599535822868347
0.15214276313781738
0.1705210655927658
0.12976105511188507
0.1627463549375534
0.09887013584375381
0.22238831222057343
0.142485573887825
0.22323296964168549
0.22130745649337769
0.1421620100736618
0.16374550759792328
0.14003649353981018
0.06271985173225403
0.1418665647506714
0.16350595653057098
0.2530282437801361
0.17193765938282013
0.09249655902385712
0.1262371689081192
0.0921844020485878
0.11013151705265045
0.1886274516582489
0.150901198387146
0.2315170019865036
0.13457909226417542
0.1291622668504715
0.17017501592636108
0.1646718829870224
0.2064177691936493
0.13231295347213745
0.2089873105287552
0.3146781921386719
0.09816395491361618
0.1493259072303772
0.17035514116287231
0.221943199634552
0.16731318831443787
0.22578342258930206
0.1983347088098526
0.28347378969192505
0.16191105544567108
0.23856514692306519
0.21362850069999695
0.08557719737291336
0.24578042328357697
0.20083250105381012
0.13584627211093903
0.15679289400577545
0.1075073853135109
0.07554645836353302
0.1310700923204422
0.1567886471748352
0.1458454579114914
0.13926206529140472
0.20238488912582397
0.08153272420167923
0.20250418782234192
0.13228538632392883
0.11513169854879379
0.18662624061107635
0.24068641662597656
0.19030363857746124
0.18216873705387115
0.10836748778820038
0.14406612515449524
0.10474801808595657
0.06004374101758003
0.06675396859645844
0.2660495340824127
0.14642328023910522
0.1926683634519577
0.19641081988811493
0.15659764409065247
0.08309252560138702
0.07823441922664642
0.15837399661540985
0.18183393776416779
0.2017395943403244
0.17850224673748016
0.2344951033592224
0.21452675759792328
0.10770933330059052
0.14234384894371033
0.17870579659938812
0.14484785497188568
0.14279668033123016
0.09049297124147415
0.15836109220981598
0.15197095274925232
0.1149381622672081
0.17640557885169983
0.08756362646818161
0.16096670925617218
0.19052176177501678
0.17861419916152954
0.1327499896287918
0.18581640720367432
0.1625947207212448
0.14345762133598328
0.14039425551891327
0.1306602954864502
0.06235136836767197
0.19921240210533142
0.19279637932777405
0.22097410261631012
0.39742788672447205
0.19550104439258575
0.19040094316005707
0.1878533512353897
0.17662397027015686
0.20381325483322144
0.14472045004367828
0.15201500058174133
0.19554324448108673
0.1686105877161026
0.11003163456916809
0.1352303922176361
0.11749289184808731
0.16746079921722412
0.10166289657354355
0.0638667568564415
0.17749403417110443
0.18773230910301208
0.17227086424827576
0.15814146399497986
0.1825820654630661
0.17141032218933105
0.18026696145534515
0.08331818133592606
0.11411405354738235
0.12172318249940872
0.1493438333272934
0.1540992558002472
0.214907705783844
0.22212129831314087
0.08020810037851334
0.11291521787643433
0.30471476912498474
0.16201505064964294
0.1316584199666977
0.23380544781684875
0.21651548147201538
0.16702862083911896
0.20438532531261444
0.16924653947353363
0.08206558972597122
0.23472635447978973
0.14140188694000244
0.1325029581785202
0.1711415797472
0.2282511293888092
0.05264150723814964
0.2468550056219101
0.11282715201377869
0.16604849696159363
0.041654013097286224
0.14429683983325958
0.20636534690856934
0.13592536747455597
0.1553211212158203
0.09400913864374161
0.10595697164535522
0.12585800886154175
0.2041843831539154
0.04380932077765465
0.18950596451759338
0.166169673204422
0.18060794472694397
0.21863910555839539
0.22407904267311096
0.19116611778736115
0.20891404151916504
0.1240726113319397
0.159193217754364
0.10945151001214981
0.11358101665973663
0.14970998466014862
0.17222216725349426
0.05064762011170387
0.2106849104166031
0.19435738027095795
0.11400717496871948
0.16504482924938202
0.15950298309326172
0.185250386595726
0.20714914798736572
0.1579800695180893
0.17291772365570068
0.11574448645114899
0.15078312158584595
0.14649829268455505
0.08413735777139664
0.2030867487192154
0.26049694418907166
0.09191127866506577
0.2616594731807709
0.13926592469215393
0.22272267937660217
0.1420549750328064
0.058999303728342056
0.1520826369524002
0.30913668870925903
0.10379569977521896
0.12243940681219101
0.12948580086231232
0.1526748090982437
0.2854663133621216
0.1497054547071457
0.29670950770378113
0.06149255111813545
0.19597512483596802
0.12696151435375214
0.18783701956272125
0.16232210397720337
0.2352084070444107
0.0698203593492508
0.17175237834453583
0.0832742303609848
0.23712509870529175
0.1480376422405243
0.08602167665958405
0.21026673913002014
0.15038883686065674
0.10942003130912781
0.19332465529441833
0.15433929860591888
0.2084912657737732
0.19702112674713135
0.13391590118408203
0.2194078266620636
0.18670818209648132
0.17606550455093384
0.178094744682312
0.20886385440826416
0.25379154086112976
0.16279128193855286
0.12786132097244263
0.1849578619003296
0.19065769016742706
0.25737476348876953
0.2004365772008896
0.15299929678440094
0.10807406157255173
0.17076824605464935
0.25433146953582764
0.17480716109275818
0.17994366586208344
0.10580712556838989
0.19984941184520721
0.11994112282991409
0.14864762127399445
0.16876842081546783
0.23785504698753357
0.14417695999145508
0.17357580363750458
0.07494109123945236
0.18480843305587769
0.05401827394962311
0.1917790174484253
0.22441190481185913
0.14649932086467743
0.13635887205600739
0.19056211411952972
0.18570885062217712
0.1226191446185112
0.20977212488651276
0.16170279681682587
0.14019401371479034
0.17366085946559906
0.1901375949382782
0.1545015275478363
0.0956856980919838
0.17530940473079681
0.2485135793685913
0.28242847323417664
0.19783781468868256
0.1943770945072174
0.12610948085784912
0.25330838561058044
0.13718387484550476
0.15211060643196106
0.26121068000793457
0.09391513466835022
0.24140849709510803
0.3009835481643677
0.0984756350517273
0.11530398577451706
0.15984560549259186
0.19111470878124237
0.06708648800849915
0.17770716547966003
0.13817140460014343
0.17413543164730072
0.1479283571243286
0.13728587329387665
0.11636991053819656
0.03525915369391441
0.22416703402996063
0.1657058149576187
0.1585903912782669
0.1374335139989853
0.2043422907590866
0.1469344198703766
0.22441115975379944
0.22170358896255493
0.1214132159948349
0.25448909401893616
0.12958155572414398
0.12428498268127441
0.10559707134962082
0.12370631843805313
0.171322301030159
0.2228763848543167
0.21252667903900146
0.2044026255607605
0.2267790138721466
0.1412154734134674
0.1865425854921341
0.21282027661800385
0.17379751801490784
0.21674978733062744
0.16676917672157288
0.22372877597808838
0.19160407781600952
0.09580176323652267
0.1697237193584442
0.12170924246311188
0.1200641319155693
0.21960574388504028
0.20630860328674316
0.14304471015930176
0.23839418590068817
0.1934668868780136
0.1325715184211731
0.2385830283164978
0.09969553351402283
0.22578613460063934
0.1814759373664856
0.09853552281856537
0.09699384868144989
0.16716629266738892
0.2595268487930298
0.20961999893188477
0.11096157133579254
0.26511064171791077
0.16265258193016052
0.18126033246517181
0.1293342262506485
0.1458950936794281
0.16163848340511322
0.24965432286262512
0.09201367944478989
0.07634385675191879
0.10724136978387833
0.24433684349060059
0.14929747581481934
0.2896193265914917
0.17345352470874786
0.14881478250026703
0.19909453392028809
0.2533862292766571
0.26833075284957886
0.18477633595466614
0.2754651606082916
0.07423621416091919
0.04778497293591499
0.1381271481513977
0.24232818186283112
0.20328925549983978
0.2469586580991745
0.11657674610614777
0.16960449516773224
0.15769779682159424
0.21727639436721802
0.19643887877464294
0.1646014004945755
0.13689440488815308
0.1948205977678299
0.16267238557338715
0.22173567116260529
0.11233796179294586
0.12799398601055145
0.2677697241306305
0.1959986686706543
0.14254313707351685
0.199054554104805
0.15267188847064972
0.18429231643676758
0.09420255571603775
0.1384226530790329
0.1718868762254715
0.15855643153190613
0.1358465999364853
0.19051207602024078
0.1327456831932068
0.16567151248455048
0.1602240353822708
0.1538529247045517
0.211400106549263
0.15807732939720154
0.1779274046421051
0.10387266427278519
0.16873392462730408
0.03216797858476639
0.21729139983654022
0.10618859529495239
0.21749664843082428
0.20270393788814545
0.1667555272579193
0.05908989906311035
0.25532442331314087
0.10366556793451309
0.06308986991643906
0.2092650681734085
0.10889800637960434
0.28426873683929443
0.162197083234787
0.11261646449565887
0.19165633618831635
0.22603793442249298
0.21444909274578094
0.12152287364006042
0.179536834359169
0.25164201855659485
0.09544738382101059
0.12861250340938568
0.1721685379743576
0.11636548489332199
0.12167052924633026
0.18350933492183685
0.17540188133716583
0.18407772481441498
0.21194569766521454
0.10383675992488861
0.19875462353229523
0.1444704234600067
0.16076155006885529
0.200089693069458
0.08266739547252655
0.07000888884067535
0.26895302534103394
0.3326793611049652
0.09971072524785995
0.1405639350414276
0.12056055665016174
0.15255844593048096
0.17624515295028687
0.1510695517063141
0.2847400903701782
0.1931704729795456
0.1721772998571396
0.1147538349032402
0.1954498589038849
0.11420316994190216
0.2272498607635498
0.20182183384895325
0.14403779804706573
0.1851760447025299
0.09356249868869781
0.2447407841682434
0.27229219675064087
0.180232435464859
0.1773868203163147
0.09696023166179657
0.11549790948629379
0.252926766872406
0.20822779834270477
0.20346277952194214
0.23458093404769897
0.1575058251619339
0.07462958991527557
0.09787546098232269
0.11119763553142548
0.14093689620494843
0.09658237546682358
0.1776660829782486
0.16813336312770844
0.22061967849731445
0.19760270416736603
0.14879684150218964
0.17077778279781342
0.134464293718338
0.18701417744159698
0.171254500746727
0.1017451137304306
0.28228744864463806
0.23857076466083527
0.1938241869211197
0.22871896624565125
0.1993856430053711
0.09944166243076324
0.23683953285217285
0.20218493044376373
0.21494874358177185
0.13324479758739471
0.05513705685734749
0.19768334925174713
0.12479621917009354
0.15755034983158112
0.18480134010314941
0.27615562081336975
0.15716247260570526
0.18405435979366302
0.23728226125240326
0.2309781014919281
0.20039162039756775
0.2813398838043213
0.14703187346458435
0.20663145184516907
0.21277283132076263
0.1375008076429367
0.21497923135757446
0.21164637804031372
0.17021167278289795
0.16730257868766785
0.11522067338228226
0.08164089173078537
0.346894770860672
0.2100062519311905
0.16068615019321442
0.2740362584590912
0.22124315798282623
0.15293076634407043
0.19798442721366882
0.1297367811203003
0.14937342703342438
0.24649855494499207
0.184855118393898
0.20814822614192963
0.2309386432170868
0.1830790787935257
0.1985185593366623
0.19448354840278625
0.20439700782299042
0.16885055601596832
0.20089897513389587
0.20491203665733337
0.23044824600219727
0.13859081268310547
0.13135871291160583
0.10031674057245255
0.21591182053089142
0.15660633146762848
0.2217111587524414
0.19998671114444733
0.22031041979789734
0.11678030341863632
0.11882167309522629
0.09992344677448273
0.16461311280727386
0.1652260720729828
0.022608600556850433
0.2533106803894043
0.12940920889377594
0.19263020157814026
0.18193691968917847
0.2986399531364441
0.2864580452442169
0.09799198806285858
0.15539364516735077
0.11245203763246536
0.11117721349000931
0.1840638369321823
0.15153449773788452
0.22121447324752808
0.1025664210319519
0.14622779190540314
0.14475686848163605
0.12282615900039673
0.25694456696510315
0.0775635614991188
0.12831348180770874
0.18030202388763428
0.13336686789989471
0.16226878762245178
0.07313009351491928
0.10556314885616302
0.18646462261676788
0.09357066452503204
0.1768956184387207
0.12978874146938324
0.16194501519203186
0.10608693957328796
0.07058801501989365
0.07361068576574326
0.1888883262872696
0.19105666875839233
0.1773890256881714
0.18474246561527252
0.10360624641180038
0.24567639827728271
0.2108449637889862
0.12947863340377808
0.07523645460605621
0.1758592575788498
0.193822979927063
0.24660901725292206
0.14010217785835266
0.20189622044563293
0.08028793334960938
0.14513763785362244
0.10515578836202621
0.2163751870393753
0.21375563740730286
0.14661863446235657
0.15409359335899353
0.10216670483350754
0.11448308080434799
0.2751729190349579
0.13032379746437073
0.14931826293468475
0.16348765790462494
0.2855818569660187
0.22405123710632324
0.20256811380386353
0.17764678597450256
0.1622895449399948
0.17764301598072052
0.20886415243148804
0.173879012465477
0.1853395253419876
0.15234094858169556
0.23457477986812592
0.09888647496700287
0.1911308467388153
0.1892428696155548
0.20514677464962006
0.27737563848495483
0.20925813913345337
0.23250578343868256
0.10124123841524124
0.07976209372282028
0.22509793937206268
0.14784766733646393
0.17214761674404144
0.16209246218204498
0.2864886522293091
0.07730627059936523
0.13006867468357086
0.24192075431346893
0.16882531344890594
0.1578688621520996
0.10818558186292648
0.15932786464691162
0.13779841363430023
0.08678747713565826
0.0904158353805542
0.047618988901376724
0.22983570396900177
0.09219638258218765
0.09082694351673126
0.16702716052532196
0.13126128911972046
0.21181893348693848
0.1916336566209793
0.22555454075336456
0.141207754611969
0.0486140102148056
0.09753268957138062
0.18675945699214935
0.13597124814987183
0.08711834251880646
0.1758633553981781
0.2675296664237976
0.13673555850982666
0.18292619287967682
0.19707459211349487
0.18687672913074493
0.17422276735305786
0.11047975718975067
0.221762552857399
0.19520294666290283
0.26110249757766724
0.2123623639345169
0.14179961383342743
0.14424316585063934
0.1987583041191101
0.14532481133937836
0.10557769984006882
0.14337174594402313
0.09591622650623322
0.10655373334884644
0.11715172976255417
0.20525804162025452
0.22168628871440887
0.21430933475494385
0.14165067672729492
0.11766897141933441
0.24364224076271057
0.18237540125846863
0.07869923859834671
0.24919651448726654
0.1972467005252838
0.15119460225105286
0.10626999288797379
0.07614730298519135
0.07791540771722794
0.16471964120864868
0.24780194461345673
0.1613093912601471
0.2553309500217438
0.17662931978702545
0.1751934289932251
0.1518009752035141
0.22238893806934357
0.14683806896209717
0.23285414278507233
0.1625261753797531
0.14151352643966675
0.10144228488206863
0.1653360277414322
0.22518415749073029
0.2621893584728241
0.11964820325374603
0.18772663176059723
0.16263924539089203
0.19337724149227142
0.24990445375442505
0.058940961956977844
0.2600613534450531
0.14759500324726105
0.19799567759037018
0.18564943969249725
0.18678472936153412
0.1364930421113968
0.10933138430118561
0.0869646966457367
0.22834885120391846
0.3340979516506195
0.30467361211776733
0.18199051916599274
0.18930648267269135
0.07064280658960342
0.09305854886770248
0.17597973346710205
0.08837311714887619
0.12263239920139313
0.15538707375526428
0.1357688456773758
0.11172603070735931
0.10354659706354141
0.13639788329601288
0.10243921726942062
0.09944070130586624
0.10665848851203918
0.17131777107715607
0.13028942048549652
0.08820490539073944
0.09483606368303299
0.15549400448799133
0.1364523321390152
0.10283385217189789
0.14195945858955383
0.17055007815361023
0.11316484957933426
0.14148540794849396
0.18971320986747742
0.1591111272573471
0.25552788376808167
0.15285660326480865
0.13930968940258026
0.15401600301265717
0.10178447514772415
0.14411935210227966
0.12530943751335144
0.13293521106243134
0.12049879133701324
0.21505896747112274
0.14142556488513947
0.11512038856744766
0.12362594157457352
0.15284153819084167
0.10729742050170898
0.1161441057920456
0.18064045906066895
0.23549696803092957
0.2490367442369461
0.12413623929023743
0.1191008910536766
0.2048048973083496
0.1328132003545761
0.10304872691631317
0.15828417241573334
0.22691336274147034
0.15057724714279175
0.15552081167697906
0.2193007916212082
0.147016242146492
0.12507440149784088
0.13176672160625458
0.11781484633684158
0.12839677929878235
0.08819837123155594
0.16175305843353271
0.18294130265712738
0.23043328523635864
0.20645639300346375
0.1582244336605072
0.1968887895345688
0.1893894374370575
0.09653777629137039
0.1635444462299347
0.2525142729282379
0.10116472095251083
0.16072070598602295
0.2127113938331604
0.08662853389978409
0.1127348467707634
0.18702980875968933
0.20149709284305573
0.1673041433095932
0.1463577151298523
0.10217688232660294
0.14618517458438873
0.22572551667690277
0.2744740843772888
0.19203120470046997
0.15864510834217072
0.11325006932020187
0.11149200052022934
0.19934335350990295
0.2293110489845276
0.13675618171691895
0.18129560351371765
0.20702512562274933
0.1528194397687912
0.08181814104318619
0.16543230414390564
0.1411922723054886
0.08166099339723587
0.05247371271252632
0.06977690011262894
0.1581936925649643
0.24149160087108612
0.07894958555698395
0.2679020166397095
0.11054658144712448
0.22799938917160034
0.14319291710853577
0.09615537524223328
0.11335667967796326
0.13086453080177307
0.22210197150707245
0.20492734014987946
0.2647983729839325
0.1686871498823166
0.172035351395607
0.14415119588375092
0.08299911022186279
0.15275689959526062
0.10150665789842606
0.19393284618854523
0.13496588170528412
0.1763485074043274
0.2551855444908142
0.1612396240234375
0.12382887303829193
0.1087687611579895
0.15851768851280212
0.14864641427993774
0.1609540730714798
0.16797563433647156
0.13275839388370514
0.13444708287715912
0.1206861287355423
0.13752681016921997
0.10864603519439697
0.1126377210021019
0.14515379071235657
0.06991175562143326
0.10934152454137802
0.12039580941200256
0.14137741923332214
0.1800737977027893
0.18551725149154663
0.15972952544689178
0.17440864443778992
0.09052776545286179
0.20976725220680237
0.09714613854885101
0.1763433814048767
0.08205823600292206
0.15686382353305817
0.16974645853042603
0.13564898073673248
0.15186583995819092
0.11268651485443115
0.17330458760261536
0.19185985624790192
0.11877620965242386
0.16745691001415253
0.23827363550662994
0.11171747744083405
0.16920991241931915
0.17804746329784393
0.2767224609851837
0.09752380102872849
0.16687512397766113
0.17674784362316132
0.23352742195129395
0.1784653216600418
0.21768814325332642
0.03998463600873947
0.11217238754034042
0.2158031314611435
0.2083372175693512
0.09330065548419952
0.1768655925989151
0.18111422657966614
0.17249810695648193
0.13979695737361908
0.12587644159793854
0.17272546887397766
0.15894028544425964
0.1788700371980667
0.20880718529224396
0.18986505270004272
0.24862797558307648
0.19000330567359924
0.1345265954732895
0.19644711911678314
0.13523352146148682
0.08315402269363403
0.19091758131980896
0.1483818143606186
0.35098764300346375
0.29093828797340393
0.164293110370636
0.2524867355823517
0.22553330659866333
0.19924995303153992
0.2087857723236084
0.2824477255344391
0.1256280094385147
0.1894942820072174
0.13867956399917603
0.1295165717601776
0.1598546952009201
0.12952697277069092
0.16280226409435272
0.16936488449573517
0.1399616003036499
0.07752379775047302
0.11428733915090561
0.15886268019676208
0.13572905957698822
0.14196854829788208
0.16318418085575104
0.16512295603752136
0.16429965198040009
0.18548448383808136
0.13766396045684814
0.17113034427165985
0.10722687095403671
0.19694390892982483
0.2480374425649643
0.0863122045993805
0.1413404941558838
0.06487734615802765
0.17223665118217468
0.20793862640857697
0.10311244428157806
0.12629063427448273
0.101496621966362
0.1881559044122696
0.1600627601146698
0.2919182777404785
0.09157766401767731
0.14169669151306152
0.17323288321495056
0.20496106147766113
0.14904773235321045
0.24858298897743225
0.26889413595199585
0.3652777373790741
0.1403777003288269
0.16989128291606903
0.21116335690021515
0.1677657961845398
0.0894201248884201
0.25226327776908875
0.13750435411930084
0.16515782475471497
0.16250884532928467
0.12117477506399155
0.13502129912376404
0.1989760398864746
0.22542352974414825
0.22841013967990875
0.15233822166919708
0.14548027515411377
0.2533128261566162
0.20390930771827698
0.1889534294605255
0.08968260139226913
0.19466547667980194
0.21194970607757568
0.2523467242717743
0.2144879400730133
0.12137874960899353
0.1503603607416153
0.21532879769802094
0.18350128829479218
0.09721456468105316
0.20847104489803314
0.25146254897117615
0.1856832355260849
0.2505140006542206
0.07965017855167389
0.13906115293502808
0.07462112605571747
0.2658293545246124
0.09869741648435593
0.23891982436180115
0.14022554457187653
0.1017429307103157
0.05784834548830986
0.10292430222034454
0.126944899559021
0.16906103491783142
0.14713861048221588
0.15936347842216492
0.09165234863758087
0.2819296717643738
0.14125637710094452
0.1216600239276886
0.13913440704345703
0.18420936167240143
0.21803568303585052
0.31998157501220703
0.15708968043327332
0.186636283993721
0.2330874502658844
0.23545417189598083
0.24333618581295013
0.11593490839004517
0.13866333663463593
0.13302525877952576
0.14972230792045593
0.08953656256198883
0.13396401703357697
0.0942235067486763
0.1749005764722824
0.24016477167606354
0.11057768762111664
0.13815903663635254
0.14963075518608093
0.20604799687862396
0.1554655134677887
0.15543147921562195
0.1803048700094223
0.11446276307106018
0.17817291617393494
0.2208978235721588
0.04483996331691742
0.15625064074993134
0.1123611330986023
0.11393555998802185
0.12077827751636505
0.08359149098396301
0.141115203499794
0.19171227514743805
0.13556812703609467
0.1333053708076477
0.21994252502918243
0.17253676056861877
0.19593703746795654
0.1344040334224701
0.13242259621620178
0.06380156427621841
0.16967090964317322
0.12581892311573029
0.12391705811023712
0.13373394310474396
0.18584473431110382
0.21879184246063232
0.14118143916130066
0.20068146288394928
0.09621328115463257
0.2186398059129715
0.14209741353988647
0.1667288988828659
0.12731923162937164
0.1280311495065689
0.09369008243083954
0.05544354021549225
0.1301974505186081
0.24439354240894318
0.17657583951950073
0.19660480320453644
0.15311892330646515
0.11799713969230652
0.13274721801280975
0.19076086580753326
0.11921989917755127
0.20735201239585876
0.16281920671463013
0.1835481971502304
0.22070500254631042
0.13973042368888855
0.23497328162193298
0.20828817784786224
0.19218766689300537
0.20409192144870758
0.1828436404466629
0.1308576911687851
0.13493089377880096
0.1885681450366974
0.21117742359638214
0.18070223927497864
0.17241507768630981
0.3260861039161682
0.19657815992832184
0.23556490242481232
0.16595381498336792
0.15850339829921722
0.2676074504852295
0.15959037840366364
0.1601146012544632
0.21001233160495758
0.18758781254291534
0.23148784041404724
0.12668313086032867
0.15828216075897217
0.14226175844669342
0.1260216236114502
0.09212438762187958
0.21312877535820007
0.14377878606319427
0.16930179297924042
0.19061017036437988
0.10098383575677872
0.1347043812274933
0.15150725841522217
0.11544349789619446
0.08925101906061172
0.05799534544348717
0.3050426244735718
0.15303730964660645
0.2827270030975342
0.13016164302825928
0.1647968590259552
0.20922094583511353
0.20955060422420502
0.21966642141342163
0.24517910182476044
0.05486316978931427
0.15511594712734222
0.17724870145320892
0.13283671438694
0.1282690465450287
0.0717928484082222
0.07307900488376617
0.10020183026790619
0.17571651935577393
0.09567494690418243
0.2971597909927368
0.19597674906253815
0.1827559471130371
0.13280950486660004
0.18414555490016937
0.22406329214572906
0.12344925850629807
0.1730993092060089
0.15175756812095642
0.1627190262079239
0.13332302868366241
0.14729386568069458
0.1615663468837738
0.18278323113918304
0.1210990846157074
0.10412949323654175
0.18558044731616974
0.1751304417848587
0.16480879485607147
0.15017478168010712
0.13343793153762817
0.26050683856010437
0.2184169441461563
0.1268138438463211
0.193320170044899
0.20993643999099731
0.11466620117425919
0.15927241742610931
0.3669358193874359
0.19638276100158691
0.07987016439437866
0.16823725402355194
0.2595040798187256
0.1822282075881958
0.1469980776309967
0.22929465770721436
0.12009335309267044
0.21357496082782745
0.041606731712818146
0.2531890571117401
0.1498836874961853
0.21822336316108704
0.22819767892360687
0.22213877737522125
0.21143217384815216
0.2772621810436249
0.12015605717897415
0.15563763678073883
0.2656458020210266
0.3398692011833191
0.23779278993606567
0.2239643931388855
0.19048194587230682
0.07609014213085175
0.15126214921474457
0.255479097366333
0.15492968261241913
0.26918166875839233
0.14397567510604858
0.14922845363616943
0.13969074189662933
0.15451905131340027
0.08985958248376846
0.1671353578567505
0.17322039604187012
0.1858992874622345
0.11665017902851105
0.21757547557353973
0.15601755678653717
0.14930111169815063
0.13563688099384308
0.17543867230415344
0.07254764437675476
0.08209783583879471
0.1416248232126236
0.10873377323150635
0.2144940048456192
0.15285885334014893
0.19977159798145294
0.28939467668533325
0.24872036278247833
0.21990741789340973
0.20366211235523224
0.18658886849880219
0.17514367401599884
0.22860285639762878
0.22725549340248108
0.1554717719554901
0.11383119225502014
0.12699931859970093
0.2405274659395218
0.10011713951826096
0.2470388412475586
0.1124630942940712
0.10440606623888016
0.1908169835805893
0.2758828103542328
0.0846935510635376
0.12220773100852966
0.1562359780073166
0.10860170423984528
0.11915409564971924
0.1774379163980484
0.20776766538619995
0.15676072239875793
0.2554134428501129
0.15500342845916748
0.16707384586334229
0.21976293623447418
0.19284158945083618
0.15720681846141815
0.10511753708124161
0.22778333723545074
0.10083729028701782
0.22467494010925293
0.2249661087989807
0.17250655591487885
0.21490003168582916
0.12736354768276215
0.21789208054542542
0.17841403186321259
0.23994876444339752
0.16104739904403687
0.18553511798381805
0.2501204311847687
0.08183440566062927
0.10502234101295471
0.289074182510376
0.2618393898010254
0.14373180270195007
0.18090644478797913
0.23659147322177887
0.212766632437706
0.2503696084022522
0.14417065680027008
0.06706441938877106
0.14155609905719757
0.16081009805202484
0.17348095774650574
0.13309147953987122
0.14351139962673187
0.14003890752792358
0.18867574632167816
0.195328950881958
0.2455163449048996
0.1403971016407013
0.26234543323516846
0.13769350945949554
0.18618425726890564
0.21679437160491943
0.1582736074924469
0.22258317470550537
0.13139906525611877
0.15933758020401
0.04405829310417175
0.18638542294502258
0.13414916396141052
0.22385895252227783
0.12055622041225433
0.16210483014583588
0.13616885244846344
0.1377921998500824
0.19283363223075867
0.1512160748243332
0.20029422640800476
0.1788787543773651
0.1996980458498001
0.15703989565372467
0.14977268874645233
0.13957194983959198
0.15379661321640015
0.11017444729804993
0.09986338019371033
0.20253951847553253
0.11073050647974014
0.18374653160572052
0.18336763978004456
0.12574556469917297
0.15495513379573822
0.11437179893255234
0.13272181153297424
0.16963501274585724
0.20111225545406342
0.20719431340694427
0.14752231538295746
0.17721527814865112
0.19027085602283478
0.1700139194726944
0.24967679381370544
0.2068345695734024
0.19691935181617737
0.13326305150985718
0.17441397905349731
0.2835462987422943
0.2301754206418991
0.174387127161026
0.12199273705482483
0.21309871971607208
0.2293228954076767
0.16708120703697205
0.21542076766490936
0.1390906423330307
0.1577576845884323
0.14128294587135315
0.20376630127429962
0.13359622657299042
0.27243471145629883
0.20920434594154358
0.23729535937309265
0.09300060570240021
0.2359066754579544
0.23272936046123505
0.20571134984493256
0.13988828659057617
0.2440275251865387
0.15641140937805176
0.11811081320047379
0.1360304206609726
0.15969286859035492
0.33987289667129517
0.11870252341032028
0.14272578060626984
0.2308531105518341
0.1053934320807457
0.09418042749166489
0.15151359140872955
0.1265503466129303
0.20041979849338531
0.03720979019999504
0.18946240842342377
0.08987507969141006
0.16938436031341553
0.10505720973014832
0.17060618102550507
0.15910162031650543
0.1651771515607834
0.13389384746551514
0.1461016833782196
0.24160967767238617
0.1669495403766632
0.13856960833072662
0.186202734708786
0.18543070554733276
0.13925504684448242
0.15126368403434753
0.08321788161993027
0.18017734587192535
0.2191012054681778
0.19504377245903015
0.13893245160579681
0.1813148856163025
0.24635693430900574
0.11543869227170944
0.576429009437561
0.2134021818637848
0.18523024022579193
0.13437768816947937
0.15658554434776306
0.13669545948505402
0.16240070760250092
0.1097249686717987
0.11026376485824585
0.05135580897331238
0.18754443526268005
0.08379271626472473
0.20677445828914642
0.17483443021774292
0.06974896788597107
0.15435662865638733
0.21734537184238434
0.21661877632141113
0.09848043322563171
0.09716960042715073
0.13242502510547638
0.1114458218216896
0.061958543956279755
0.15458346903324127
0.1485636830329895
0.10920881479978561
0.21987663209438324
0.20564867556095123
0.21212567389011383
0.11301205307245255
0.15094591677188873
0.1925283670425415
0.1375071406364441
0.15786510705947876
0.19342195987701416
0.22005872428417206
0.18421423435211182
0.17320869863033295
0.2007913887500763
0.19301588833332062
0.13096651434898376
0.092343270778656
0.1600983887910843
0.10910052061080933
0.24714747071266174
0.17968949675559998
0.18625704944133759
0.08592941612005234
0.06740966439247131
0.23730260133743286
0.2541670501232147
0.20341771841049194
0.22966906428337097
0.15351398289203644
0.16015349328517914
0.208782359957695
0.17238688468933105
0.16044889390468597
0.10748318582773209
0.18681500852108002
0.17533758282661438
0.14194880425930023
0.21524518728256226
0.16123062372207642
0.169534370303154
0.10726714134216309
0.11416187882423401
0.11506057530641556
0.08671466261148453
0.07192093878984451
0.26560986042022705
0.1434566229581833
0.1374514400959015
0.17753155529499054
0.12524399161338806
0.181344136595726
0.17941145598888397
0.19035334885120392
0.26374679803848267
0.11113095283508301
0.16046620905399323
0.17093953490257263
0.11064322292804718
0.18939776718616486
0.198212131857872
0.10857412219047546
0.22781743109226227
0.18804451823234558
0.20677290856838226
0.21531909704208374
0.18919385969638824
0.26715371012687683
0.15046326816082
0.13652163743972778
0.2122325301170349
0.2397177368402481
0.07046956568956375
0.15940193831920624
0.0612068697810173
0.18230997025966644
0.21271176636219025
0.11265511065721512
0.12495476752519608
0.20670758187770844
0.21194855868816376
0.12346271425485611
0.15606003999710083
0.18926753103733063
0.16294164955615997
0.16886478662490845
0.2186112403869629
0.12480105459690094
0.11724644154310226
0.13110190629959106
0.17616990208625793
0.17309130728244781
0.23907192051410675
0.03325929120182991
0.18823018670082092
0.14910393953323364
0.15168455243110657
0.20063208043575287
0.20159722864627838
0.1300562471151352
0.18762196600437164
0.10069677978754044
0.14960195124149323
0.15797501802444458
0.12902267277240753
0.2123338282108307
0.14122283458709717
0.22830991446971893
0.13862819969654083
0.1885225921869278
0.11390198767185211
0.17774668335914612
0.16465647518634796
0.14117926359176636
0.0976337343454361
0.08432959020137787
0.06618598103523254
0.16125543415546417
0.28043365478515625
0.17378728091716766
0.18168732523918152
0.07164705544710159
0.16243046522140503
0.1433042585849762
0.16331598162651062
0.15852808952331543
0.12964464724063873
0.12097896635532379
0.17841686308383942
0.1766778826713562
0.1610427051782608
0.20580655336380005
0.22969640791416168
0.15590539574623108
0.11836623400449753
0.257942259311676
0.14228391647338867
0.24683630466461182
0.18597792088985443
0.1504834145307541
0.3002612292766571
0.221198171377182
0.2518540620803833
0.05453789234161377
0.14741931855678558
0.18268810212612152
0.1927746832370758
0.2701028883457184
0.15371792018413544
0.13039113581180573
0.22283092141151428
0.28015291690826416
0.216753289103508
0.2516574263572693
0.10065500438213348
0.12806245684623718
0.10166400671005249
0.2659507095813751
0.37989357113838196
0.16201117634773254
0.12392706423997879
0.15582075715065002
0.14185872673988342
0.13803422451019287
0.09468210488557816
0.06342414021492004
0.11661029607057571
0.15712028741836548
0.13828834891319275
0.21925699710845947
0.13663986325263977
0.07641344517469406
0.1793072670698166
0.22390231490135193
0.1423238217830658
0.22029009461402893
0.12095610052347183
0.08834914863109589
0.09402543306350708
0.17141060531139374
0.19758978486061096
0.23935817182064056
0.14848896861076355
0.12269918620586395
0.1085432767868042
0.17724962532520294
0.20626488327980042
0.2554408311843872
0.13673850893974304
0.21561037003993988
0.1656063348054886
0.18321102857589722
0.05325418338179588
0.31149035692214966
0.15115460753440857
0.19062785804271698
0.1873403936624527
0.18320688605308533
0.2231329381465912
0.19466115534305573
0.14781659841537476
0.1904163658618927
0.16046175360679626
0.13775534927845
0.161393940448761
0.06400826573371887
0.23309573531150818
0.179362952709198
0.11039257049560547
0.11805961281061172
0.12380966544151306
0.20395882427692413
0.14752891659736633
0.19152580201625824
0.08441632986068726
0.21494999527931213
0.11317525058984756
0.1601083129644394
0.2228861302137375
0.1694987267255783
0.21939849853515625
0.17171631753444672
0.16276103258132935
0.16015006601810455
0.19177095592021942
0.13894352316856384
0.0976535901427269
0.10197552293539047
0.13073113560676575
0.2025003880262375
0.22668768465518951
0.04508232697844505
0.2910182476043701
0.19299890100955963
0.1634039580821991
0.18459099531173706
0.15813355147838593
0.12158594280481339
0.09032660722732544
0.1631324291229248
0.19844338297843933
0.18581043183803558
0.14263463020324707
0.1593089997768402
0.20916509628295898
0.12279016524553299
0.11957467347383499
0.10182962566614151
0.2089318037033081
0.1508815586566925
0.1895991861820221
0.15525475144386292
0.12101329118013382
0.09138476848602295
0.14243988692760468
0.158523291349411
0.1851421445608139
0.201655313372612
0.21182125806808472
0.19504016637802124
0.20569108426570892
0.1380273848772049
0.17972634732723236
0.06977711617946625
0.183706134557724
0.07175331562757492
0.1344195455312729
0.08401276171207428
0.15893612802028656
0.2557916045188904
0.20354785025119781
0.1937127709388733
0.2146909385919571
0.18031227588653564
0.24602863192558289
0.14413876831531525
0.08193805813789368
0.12299862504005432
0.12102867662906647
0.3125036060810089
0.2126719206571579
0.15317390859127045
0.231561541557312
0.14900150895118713
0.18868044018745422
0.13398796319961548
0.32905879616737366
0.1807997077703476
0.12332487851381302
0.14715562760829926
0.19240882992744446
0.14655068516731262
0.1404000073671341
0.3450366258621216
0.10167129337787628
0.18124321103096008
0.1757611483335495
0.13022105395793915
0.15835228562355042
0.2477818727493286
0.13047124445438385
0.18373435735702515
0.18357102572917938
0.16600589454174042
0.17712104320526123
0.24232538044452667
0.2538437247276306
0.18071915209293365
0.18765394389629364
0.14337846636772156
0.11380530893802643
0.11351022124290466
0.17542405426502228
0.1389387995004654
0.14148926734924316
0.21725285053253174
0.18092653155326843
0.23337200284004211
0.09659627825021744
0.13988330960273743
0.2510247230529785
0.11862323433160782
0.1615140587091446
0.2644067704677582
0.1143624559044838
0.18033650517463684
0.1927565038204193
0.1144053190946579
0.1440396010875702
0.09811335057020187
0.25478726625442505
0.01762656681239605
0.189594566822052
0.07739716023206711
0.22814972698688507
0.07655204832553864
0.2968465983867645
0.09465617686510086
0.17741769552230835
0.11669651418924332
0.2275540977716446
0.16278819739818573
0.21933646500110626
0.19788797199726105
0.19847194850444794
0.12211741507053375
0.21750332415103912
0.1363995224237442
0.12147781252861023
0.08988514542579651
0.2629678249359131
0.25619828701019287
0.17138849198818207
0.08824335783720016
0.09264561533927917
0.17666973173618317
0.17156392335891724
0.11249511688947678
0.21149401366710663
0.210372194647789
0.0820261612534523
0.1555393487215042
0.16309387981891632
0.18726705014705658
0.2731063961982727
0.20789386332035065
0.1895069032907486
0.17538869380950928
0.2013355791568756
0.11605539172887802
0.15297412872314453
0.14721260964870453
0.15566687285900116
0.15994322299957275
0.07506179064512253
0.19979707896709442
0.2675437331199646
0.1711825132369995
0.2841092646121979
0.1854332536458969
0.18370309472084045
0.21933139860630035
0.25168851017951965
0.2164156138896942
0.13219110667705536
0.21665608882904053
0.20680151879787445
0.11236230283975601
0.12485997378826141
0.10534051805734634
0.05751129612326622
0.1770784705877304
0.25685930252075195
0.08832264691591263
0.16984380781650543
0.1052810475230217
0.13191424310207367
0.15222619473934174
0.13543608784675598
0.17177942395210266
0.17008371651172638
0.09524752199649811
0.16126230359077454
0.1876775473356247
0.21533209085464478
0.20721593499183655
0.1411632001399994
0.21347635984420776
0.14374685287475586
0.12827542424201965
0.11698907613754272
0.27935874462127686
0.25995224714279175
0.14542506635189056
0.18392200767993927
0.15974561870098114
0.17756688594818115
0.2181166708469391
0.17964579164981842
0.15341918170452118
0.11903426796197891
0.18345248699188232
0.14832572638988495
0.1663854569196701
0.14770516753196716
0.18761247396469116
0.16743282973766327
0.12019909173250198
0.18023361265659332
0.1391829252243042
0.17058715224266052
0.09310328960418701
0.10393597185611725
0.1896178275346756
0.2416069656610489
0.16507932543754578
0.10402420908212662
0.14697661995887756
0.2529543340206146
0.16046194732189178
0.1688036322593689
0.10125596076250076
0.205457866191864
0.2355017364025116
0.1518566906452179
0.1773274689912796
0.2608482539653778
0.21193787455558777
0.24880680441856384
0.17322564125061035
0.10475603491067886
0.1779402792453766
0.09372062981128693
0.1719723492860794
0.21560674905776978
0.17414353787899017
0.19161829352378845
0.21620991826057434
0.2354489266872406
0.15838073194026947
0.18148010969161987
0.19962595403194427
0.12075681984424591
0.17626889050006866
0.17042841017246246
0.2257470190525055
0.13160647451877594
0.15994855761528015
0.11725056916475296
0.17200730741024017
0.1780799925327301
0.09791640937328339
0.13012003898620605
0.061846889555454254
0.15591610968112946
0.1027318462729454
0.13451933860778809
0.13807301223278046
0.18269075453281403
0.09267539530992508
0.054680127650499344
0.18126548826694489
0.1610298752784729
0.1938757449388504
0.23709236085414886
0.10048406571149826
0.1660744994878769
0.13275161385536194
0.1500733494758606
0.17463845014572144
0.1191629022359848
0.18823988735675812
0.14710870385169983
0.2957855463027954
0.07392361760139465
0.16805146634578705
0.1562642604112625
0.1275196671485901
0.2009907215833664
0.1682424396276474
0.19321291148662567
0.19522014260292053
0.14591072499752045
0.0923503041267395
0.15322215855121613
0.13805122673511505
0.09190788120031357
0.17037981748580933
0.29447633028030396
0.10627007484436035
0.10834556818008423
0.10247376561164856
0.15715505182743073
0.2987578809261322
0.2748071849346161
0.2511101961135864
0.12505605816841125
0.19085164368152618
0.2299220860004425
0.06467869132757187
0.10897031426429749
0.18738695979118347
0.06819455325603485
0.18252532184123993
0.056396305561065674
0.12994761765003204
0.14486700296401978
0.1980094313621521
0.08057273924350739
0.11848549544811249
0.13313376903533936
0.2324753850698471
0.1772206723690033
0.16299985349178314
0.13791897892951965
0.21505214273929596
0.14303524792194366
0.11818742752075195
0.08768558502197266
0.11708357185125351
0.11909536272287369
0.08435032516717911
0.13787159323692322
0.1020239070057869
0.2055409550666809
0.29595333337783813
0.09932402521371841
0.25306960940361023
0.1956029236316681
0.12727564573287964
0.16083484888076782
0.11774982511997223
0.20738647878170013
0.11146368086338043
0.16621536016464233
0.06465202569961548
0.13653431832790375
0.30429401993751526
0.13849583268165588
0.16250574588775635
0.20934422314167023
0.10670698434114456
0.12053418159484863
0.170346200466156
0.2025134265422821
0.16820447146892548
0.12327447533607483
0.16124899685382843
0.1720779687166214
0.16457748413085938
0.0915372222661972
0.24487672746181488
0.12805093824863434
0.09794411808252335
0.09315076470375061
0.15860527753829956
0.21616730093955994
0.1766655147075653
0.14052441716194153
0.18960250914096832
0.16819815337657928
0.1952204406261444
0.1174350157380104
0.17366549372673035
0.23096615076065063
0.14312128722667694
0.16503484547138214
0.16975773870944977
0.07985025644302368
0.2036510854959488
0.13743405044078827
0.18190918862819672
0.20841342210769653
0.1891167312860489
0.17524899542331696
0.22607514262199402
0.1258360594511032
0.124733105301857
0.15505072474479675
0.2831687331199646
0.20922143757343292
0.168172687292099
0.17095224559307098
0.1423010528087616
0.19569800794124603
0.16274374723434448
0.07241436094045639
0.08430809527635574
0.21055179834365845
0.15616245567798615
0.2177850604057312
0.10906243324279785
0.1014920249581337
0.1018085703253746
0.08831936120986938
0.10568726807832718
0.24617812037467957
0.0917547345161438
0.32718488574028015
0.23924264311790466
0.2091822624206543
0.1789540946483612
0.2077742964029312
0.11455495655536652
0.22034113109111786
0.17958559095859528
0.23975257575511932
0.26197224855422974
0.1443430483341217
0.2067050337791443
0.22996826469898224
0.2016776204109192
0.07958998531103134
0.08558434247970581
0.16611486673355103
0.10205133259296417
0.3537943959236145
0.15071827173233032
0.25133177638053894
0.1446159929037094
0.1703759878873825
0.10942084342241287
0.2348928451538086
0.13055075705051422
0.11388237774372101
0.2080417424440384
0.2007743865251541
0.13880714774131775
0.17204783856868744
0.18341097235679626
0.04283621534705162
0.17806053161621094
0.14788667857646942
0.12495864182710648
0.22054025530815125
0.169612854719162
0.08372702449560165
0.1465049386024475
0.052663661539554596
0.19040077924728394
0.16566939651966095
0.20890480279922485
0.24757178127765656
0.13591454923152924
0.2490464150905609
0.0887858048081398
0.1532030552625656
0.16094571352005005
0.19312429428100586
0.1469227820634842
0.15150588750839233
0.19705821573734283
0.6562331914901733
0.1762264370918274
0.19241838157176971
0.16562481224536896
0.13059599697589874
0.14639736711978912
0.17027108371257782
0.09749724715948105
0.11773960292339325
0.07931304723024368
0.2349933534860611
0.06665438413619995
0.1578565537929535
0.11029717326164246
0.20837078988552094
0.2204122096300125
0.17164942622184753
0.2586778998374939
0.15739038586616516
0.1736035943031311
0.1121414452791214
0.18010342121124268
0.192814901471138
0.1505417376756668
0.17069213092327118
0.19444219768047333
0.16462470591068268
0.20366497337818146
0.09225007891654968
0.2224520742893219
0.09499222040176392
0.21689558029174805
0.11694823205471039
0.15238380432128906
0.1766282171010971
0.14667414128780365
0.16972017288208008
0.18907049298286438
0.16902142763137817
0.19542178511619568
0.15888839960098267
0.1681891679763794
0.1387423872947693
0.14586322009563446
0.16913865506649017
0.09009739756584167
0.18514254689216614
0.09149998426437378
0.1385469287633896
0.09172706305980682
0.08188561350107193
0.19493882358074188
0.19039416313171387
0.1414330005645752
0.19960416853427887
0.07917162775993347
0.13513371348381042
0.18449516594409943
0.2012544423341751
0.13366082310676575
0.15752358734607697
0.21141378581523895
0.12580741941928864
0.15849259495735168
0.06513553857803345
0.13898974657058716
0.1659650206565857
0.16170965135097504
0.22237920761108398
0.10907267034053802
0.1978207677602768
0.23757021129131317
0.17595027387142181
0.17032547295093536
0.15941640734672546
0.14793038368225098
0.11223170906305313
0.06540454924106598
0.2787913978099823
0.1834409236907959
0.17921732366085052
0.14204159379005432
0.17809231579303741
0.1816481500864029
0.15412890911102295
0.05650218576192856
0.23769961297512054
0.14840753376483917
0.15240077674388885
0.11951308697462082
0.07647621631622314
0.301078736782074
0.18176043033599854
0.19389581680297852
0.20646712183952332
0.11618942767381668
0.2157270312309265
0.1741865873336792
0.22195297479629517
0.07944833487272263
0.16698667407035828
0.25721442699432373
0.22213056683540344
0.21961067616939545
0.11687339842319489
0.15221361815929413
0.23570765554904938
0.16002672910690308
0.3029155731201172
0.12956377863883972
0.10662773996591568
0.19252488017082214
0.05636800453066826
0.16123530268669128
0.2232438623905182
0.19409121572971344
0.16291043162345886
0.16351275146007538
0.06789317727088928
0.217176154255867
0.12496340274810791
0.22031575441360474
0.12998393177986145
0.13802573084831238
0.23803405463695526
0.16129359602928162
0.16294819116592407
0.1657017320394516
0.11491463333368301
0.23300398886203766
0.0899001881480217
0.05840698629617691
0.20171716809272766
0.211621955037117
0.18697050213813782
0.09999439865350723
0.1777660846710205
0.15499721467494965
0.1313498616218567
0.19579309225082397
0.14518745243549347
0.04484758526086807
0.13583976030349731
0.08534752577543259
0.25519636273384094
0.20742826163768768
0.19341416656970978
0.2268509715795517
0.19210340082645416
0.09100961685180664
0.14607588946819305
0.057309072464704514
0.06559168547391891
0.12356354296207428
0.15233956277370453
0.07480314373970032
0.23217038810253143
0.20241986215114594
0.10038243979215622
0.15349824726581573
0.09864491969347
0.10180412232875824
0.19750970602035522
0.17241518199443817
0.07730543613433838
0.17234081029891968
0.13748414814472198
0.15357324481010437
0.12143609672784805
0.08327631652355194
0.14196482300758362
0.1591019332408905
0.21363484859466553
0.18779273331165314
0.14213986694812775
0.1469447761774063
0.2294025868177414
0.14340025186538696
0.11627452075481415
0.25178825855255127
0.17701202630996704
0.1510421335697174
0.1536775529384613
0.12362410128116608
0.13338954746723175
0.1641826331615448
0.1395503580570221
0.16551104187965393
0.25142547488212585
0.17801429331302643
0.1848241537809372
0.19344784319400787
0.15908360481262207
0.13114599883556366
0.2745475172996521
0.14412663877010345
0.17424821853637695
0.19732825458049774
0.0819488987326622
0.15181000530719757
0.14767403900623322
0.10102284699678421
0.07726364582777023
0.2240351438522339
0.07504302263259888
0.17125144600868225
0.1471998542547226
0.1749792993068695
0.14946001768112183
0.2253551334142685
0.12149709463119507
0.19197094440460205
0.152707040309906
0.25347277522087097
0.17970015108585358
0.10700593143701553
0.12223600596189499
0.1264575868844986
0.07407502830028534
0.18351291120052338
0.07387305796146393
0.13395759463310242
0.16254347562789917
0.16762012243270874
0.25680142641067505
0.21338677406311035
0.24612762033939362
0.2272815853357315
0.22441332042217255
0.19186106324195862
0.20030981302261353
0.17997196316719055
0.09408542513847351
0.09832929074764252
0.23102951049804688
0.20311899483203888
0.05309981852769852
0.13450726866722107
0.3494187593460083
0.10871987044811249
0.1262032389640808
0.22640831768512726
0.11935034394264221
0.09138324856758118
0.14871373772621155
0.14208297431468964
0.14462406933307648
0.26257258653640747
0.13869237899780273
0.24027466773986816
0.2346644401550293
0.16279715299606323
0.1752493977546692
0.19204792380332947
0.10988802462816238
0.22464968264102936
0.2316858321428299
0.23115940392017365
0.055848993360996246
0.16256015002727509
0.18153992295265198
0.1408991664648056
0.1959785372018814
0.1755448579788208
0.2070871740579605
0.19268038868904114
0.17656715214252472
0.11480996757745743
0.0522029772400856
0.21106453239917755
0.19844715297222137
0.13285939395427704
0.12289556115865707
0.18110232055187225
0.15560302138328552
0.12173087149858475
0.06462065130472183
0.1536654829978943
0.22211025655269623
0.18014216423034668
0.1138727217912674
0.11589790880680084
0.19080862402915955
0.24612991511821747
0.17276354134082794
0.19186748564243317
0.2069816291332245
0.10776621103286743
0.062335968017578125
0.18887959420681
0.1804235875606537
0.22955293953418732
0.27283748984336853
0.18039120733737946
0.12780219316482544
0.23554061353206635
0.11419028043746948
0.12031718343496323
0.10996682941913605
0.16996213793754578
0.12208003550767899
0.24097338318824768
0.2578566372394562
0.17682087421417236
0.2072455883026123
0.13428230583667755
0.146415576338768
0.2067572921514511
0.14837972819805145
0.16563637554645538
0.19489383697509766
0.169359490275383
0.08890260756015778
0.13506336510181427
0.20948092639446259
0.13709406554698944
0.06927948445081711
0.282410591840744
0.2265855222940445
0.15032000839710236
0.11377494037151337
0.09667519479990005
0.134715273976326
0.08412346988916397
0.08011450618505478
0.10671692341566086
0.16152334213256836
0.2726650536060333
0.1812683790922165
0.12082155048847198
0.08002317696809769
0.22325658798217773
0.19905930757522583
0.16846516728401184
0.15937843918800354
0.1384815275669098
0.13660703599452972
0.22753119468688965
0.10263042151927948
0.2109350711107254
0.1720227152109146
0.10736415535211563
0.2631269097328186
0.15176503360271454
0.26244646310806274
0.2967716157436371
0.12377472221851349
0.09876865148544312
0.13195277750492096
0.2473038136959076
0.19980362057685852
0.3283913731575012
0.16256777942180634
0.1840212643146515
0.18904025852680206
0.18985076248645782
0.15470917522907257
0.1972811073064804
0.27400895953178406
0.13086096942424774
0.2520926296710968
0.17275486886501312
0.13543444871902466
0.11204200237989426
0.16339431703090668
0.08652330189943314
0.11911355704069138
0.13422361016273499
0.1532178521156311
0.22103892266750336
0.24355348944664001
0.1119602769613266
0.1875426322221756
0.19753430783748627
0.1859825700521469
0.2678174078464508
0.20648488402366638
0.18497362732887268
0.18755605816841125
0.14026616513729095
0.21706826984882355
0.17450514435768127
0.19325588643550873
0.18209998309612274
0.202963724732399
0.13385213911533356
0.159348726272583
0.17322303354740143
0.12384545058012009
0.15002071857452393
0.147480770945549
0.13390189409255981
0.13124750554561615
0.11290403455495834
0.11733070760965347
0.13908851146697998
0.3325626254081726
0.22045990824699402
0.2257193624973297
0.1766233891248703
0.18375779688358307
0.13581691682338715
0.11687350273132324
0.17287425696849823
0.15667085349559784
0.14146888256072998
0.15476709604263306
0.12342303991317749
0.16737331449985504
0.17243880033493042
0.032792575657367706
0.09380806237459183
0.24524617195129395
0.1944035142660141
0.16974666714668274
0.16732913255691528
0.19294998049736023
0.17766691744327545
0.23391515016555786
0.1717625856399536
0.18873998522758484
0.21586202085018158
0.18121932446956635
0.18409214913845062
0.21481654047966003
0.21828658878803253
0.18869104981422424
0.07605157792568207
0.15610258281230927
0.19518336653709412
0.18291622400283813
0.08791599422693253
0.14411844313144684
0.25982239842414856
0.19798679649829865
0.14351172745227814
0.16492772102355957
0.21315470337867737
0.14262062311172485
0.15545180439949036
0.19646140933036804
0.21553514897823334
0.15565674006938934
0.1182708665728569
0.05540170148015022
0.1218760758638382
0.13339869678020477
0.10786600410938263
0.08430801331996918
0.05340291187167168
0.25019922852516174
0.15669363737106323
0.1797950714826584
0.1403471678495407
0.22083702683448792
0.21545149385929108
0.2166871428489685
0.15454888343811035
0.20556095242500305
0.09896942228078842
0.1508065015077591
0.18192899227142334
0.2239917367696762
0.24295301735401154
0.16888639330863953
0.15600743889808655
0.1689816117286682
0.19974501430988312
0.18683016300201416
0.13119228184223175
0.17237941920757294
0.1697590947151184
0.17026643455028534
0.10799053311347961
0.1491592973470688
0.21420443058013916
0.11166401207447052
0.2956351339817047
0.24055169522762299
0.19300240278244019
0.13826237618923187
0.23183348774909973
0.11770875751972198
0.229689821600914
0.12006053328514099
0.18365515768527985
0.14309781789779663
0.129241481423378
0.18705734610557556
0.14262448251247406
0.24260222911834717
0.22565105557441711
0.15570449829101562
0.2243928611278534
0.22235989570617676
0.16019278764724731
0.17047232389450073
0.15154960751533508
0.1677686870098114
0.2019014209508896
0.1909354329109192
0.3081905245780945
0.204490527510643
0.2208820879459381
0.18208560347557068
0.1825273036956787
0.1382642388343811
0.13446472585201263
0.1811765730381012
0.18345768749713898
0.09858809411525726
0.13149473071098328
0.11612847447395325
0.14517845213413239
0.16805274784564972
0.17506694793701172
0.1251095086336136
0.13310357928276062
0.21997614204883575
0.20437534153461456
0.12933948636054993
0.1348734349012375
0.1264227330684662
0.19493186473846436
0.1230306401848793
0.1534104347229004
0.15429040789604187
0.09766946732997894
0.19220282137393951
0.1386302262544632
0.16865859925746918
0.2538866400718689
0.13118232786655426
0.21291688084602356
0.15786145627498627
0.19654594361782074
0.25160056352615356
0.1365416944026947
0.19727380573749542
0.19282905757427216
0.21512217819690704
0.21685343980789185
0.17206639051437378
0.07280996441841125
0.2626284658908844
0.26226985454559326
0.22219473123550415
0.09221679717302322
0.18965284526348114
0.18259799480438232
0.16997776925563812
0.2767448127269745
0.11238684505224228
0.15382738411426544
0.15024808049201965
0.12770436704158783
0.10351815074682236
0.11164283007383347
0.13854171335697174
0.06913292407989502
0.13191834092140198
0.17707663774490356
0.14629770815372467
0.16478751599788666
0.09400670230388641
0.23608623445034027
0.16357499361038208
0.18230649828910828
0.21202991902828217
0.11247964948415756
0.14774373173713684
0.23823553323745728
0.1877245157957077
0.14899562299251556
0.18401655554771423
0.14559777081012726
0.18141072988510132
0.22670234739780426
0.23615023493766785
0.12202105671167374
0.14831124246120453
0.1973254233598709
0.13575220108032227
0.25651857256889343
0.1073400229215622
0.12167176604270935
0.17333056032657623
0.2183944582939148
0.1494130641222
0.20088696479797363
0.16379112005233765
0.18648555874824524
0.13526320457458496
0.16188234090805054
0.08163948357105255
0.18398204445838928
0.09070317447185516
0.16556772589683533
0.11598401516675949
0.14641982316970825
0.1820629984140396
0.1717202514410019
0.1327013522386551
0.18727393448352814
0.12631645798683167
0.14585155248641968
0.14821290969848633
0.195966899394989
0.19624063372612
0.2535174489021301
0.1896243691444397
0.25450870394706726
0.180806502699852
0.1755984127521515
0.2829448878765106
0.32818159461021423
0.1482955664396286
0.13922816514968872
0.1543859839439392
0.21306546032428741
0.19728365540504456
0.25456586480140686
0.22559556365013123
0.1743309050798416
0.1071825847029686
0.17454174160957336
0.13616812229156494
0.1439930945634842
0.16724824905395508
0.13130693137645721
0.21870212256908417
0.2917502224445343
0.12121399492025375
0.13653205335140228
0.1372898519039154
0.11417893320322037
0.07147867232561111
0.25782641768455505
0.17849977314472198
0.1719374805688858
0.28517651557922363
0.21629327535629272
0.16395168006420135
0.1546117067337036
0.17596527934074402
0.15729078650474548
0.2174631655216217
0.1354002207517624
0.09851595014333725
0.18512016534805298
0.1892746388912201
0.15866844356060028
0.22573064267635345
0.19670063257217407
0.13517846167087555
0.35154587030410767
0.22516964375972748
0.16739626228809357
0.06244519352912903
0.1814061999320984
0.14815428853034973
0.08666320890188217
0.21280114352703094
0.1778467297554016
0.2076413631439209
0.23026694357395172
0.2330550104379654
0.2219076156616211
0.21243000030517578
0.1031510978937149
0.17261271178722382
0.10289103537797928
0.1671733260154724
0.11061568558216095
0.20339764654636383
0.10473667085170746
0.1538143754005432
0.18209384381771088
0.15945836901664734
0.13772983849048615
0.10610978305339813
0.13730354607105255
0.08642738312482834
0.117922842502594
0.18353784084320068
0.20395685732364655
0.1402454674243927
0.22802212834358215
0.11013682186603546
0.13758552074432373
0.29277199506759644
0.09468313306570053
0.13539767265319824
0.20450451970100403
0.2048845887184143
0.14835165441036224
0.18498216569423676
0.1827276349067688
0.15046656131744385
0.2079087495803833
0.1933174580335617
0.24850931763648987
0.12328917533159256
0.17397059500217438
0.2591903805732727
0.09798189997673035
0.19292104244232178
0.2317982167005539
0.2550174295902252
0.20599934458732605
0.2526591122150421
0.14558233320713043
0.1272268295288086
0.23885443806648254
0.1120208129286766
0.08669430017471313
0.1842382550239563
0.30448657274246216
0.05932231247425079
0.11907236278057098
0.24350377917289734
0.2503904104232788
0.12289919704198837
0.1336308717727661
0.20031146705150604
0.1296195387840271
0.1574655920267105
0.15712742507457733
0.13128143548965454
0.14806297421455383
0.12163861840963364
0.189818874001503
0.13183213770389557
0.31966301798820496
0.08917117863893509
0.2432488054037094
0.10784879326820374
0.1156172975897789
0.15871664881706238
0.11826572567224503
0.1914648562669754
0.18697023391723633
0.11880753934383392
0.15518030524253845
0.13529792428016663
0.22977200150489807
0.128601536154747
0.24470508098602295
0.177505761384964
0.11591658741235733
0.16687123477458954
0.13904620707035065
0.09883393347263336
0.19740872085094452
0.16906070709228516
0.19954907894134521
0.1510610580444336
0.16020739078521729
0.15235745906829834
0.2599679231643677
0.18315845727920532
0.2308294028043747
0.19727221131324768
0.1287599354982376
0.19215989112854004
0.1881730705499649
0.2192712426185608
0.13609720766544342
0.16052454710006714
0.18552608788013458
0.16272978484630585
0.18507128953933716
0.17312169075012207
0.145509272813797
0.18923737108707428
0.06776686757802963
0.2359159290790558
0.19963988661766052
0.19388678669929504
0.13800495862960815
0.13280640542507172
0.13856622576713562
0.13023290038108826
0.08519841730594635
0.22383122146129608
0.14489586651325226
0.06466913223266602
0.13656777143478394
0.155314639210701
0.12768594920635223
0.1830301582813263
0.12435407936573029
0.08052241057157516
0.17770838737487793
0.17574280500411987
0.130498468875885
0.1345328986644745
0.22914500534534454
0.18759343028068542
0.17768551409244537
0.09006120264530182
0.12966084480285645
0.10570527613162994
0.13822078704833984
0.2101573497056961
0.12463901937007904
0.25190943479537964
0.11200431734323502
0.12344563752412796
0.13866549730300903
0.19009871780872345
0.21629919111728668
0.16523829102516174
0.059338994324207306
0.15463568270206451
0.1430584043264389
0.11150653660297394
0.15058404207229614
0.27200573682785034
0.13615894317626953
0.23158518970012665
0.1805567592382431
0.1714094877243042
0.19797852635383606
0.13121750950813293
0.08065365254878998
0.17212790250778198
0.16548120975494385
0.263663113117218
0.1560276448726654
0.14616887271404266
0.09644180536270142
0.16647252440452576
0.2444622665643692
0.12057004868984222
0.21115414798259735
0.1842225044965744
0.11875069886445999
0.17545761168003082
0.16580864787101746
0.16026319563388824
0.20170393586158752
0.13709424436092377
0.18681323528289795
0.07587327063083649
0.16201327741146088
0.21642464399337769
0.16734620928764343
0.17009828984737396
0.20773667097091675
0.0852605327963829
0.12885282933712006
0.2798125445842743
0.20056545734405518
0.20588535070419312
0.20469041168689728
0.24943292140960693
0.18745090067386627
0.23369097709655762
0.0714409127831459
0.097877137362957
0.14276930689811707
0.07330629974603653
0.16149066388607025
0.25638461112976074
0.1438184231519699
0.12536397576332092
0.22447142004966736
0.16221149265766144
0.13642524182796478
0.1447696089744568
0.11636198312044144
0.11728203296661377
0.2645031213760376
0.26902496814727783
0.16860081255435944
0.13772046566009521
0.16314269602298737
0.20772607624530792
0.2175283432006836
0.09208622574806213
0.1243467926979065
0.25656822323799133
0.17229340970516205
0.07348502427339554
0.1328991949558258
0.19212646782398224
0.21443507075309753
0.13900728523731232
0.11753377318382263
0.18237003684043884
0.18638093769550323
0.11314111948013306
0.16495828330516815
0.22598806023597717
0.2109982669353485
0.13202176988124847
0.12860679626464844
0.10766438394784927
0.11231650412082672
0.08795802295207977
0.17010335624217987
0.16120657324790955
0.27624794840812683
0.16811630129814148
0.21754617989063263
0.2558961808681488
0.12707029283046722
0.07521432638168335
0.12344673275947571
0.22688379883766174
0.14582960307598114
0.255329966545105
0.12873852252960205
0.1313301920890808
0.11673106253147125
0.21524812281131744
0.12576457858085632
0.20490816235542297
0.11805807054042816
0.0799238532781601
0.26901206374168396
0.15020020306110382
0.18917521834373474
0.18861261010169983
0.10915444046258926
0.11027892678976059
0.15517398715019226
0.15311479568481445
0.12602534890174866
0.05577562749385834
0.19832751154899597
0.09622613340616226
0.21771691739559174
0.15227067470550537
0.04718949645757675
0.18442638218402863
0.15734831988811493
0.1742120385169983
0.13951079547405243
0.19552385807037354
0.19576436281204224
0.13791275024414062
0.21780110895633698
0.1022694855928421
0.16522109508514404
0.1190020814538002
0.209278404712677
0.1801135540008545
0.2573198676109314
0.1842259019613266
0.1770201474428177
0.19521915912628174
0.1419045776128769
0.19334949553012848
0.16718749701976776
0.29704758524894714
0.12414912134408951
0.17126575112342834
0.19753122329711914
0.05112459138035774
0.22018176317214966
0.3074634075164795
0.1524754911661148
0.15091826021671295
0.19198229908943176
0.16379566490650177
0.10272041708230972
0.2527957558631897
0.18336103856563568
0.0654124990105629
0.14202311635017395
0.1765173226594925
0.12502636015415192
0.19700071215629578
0.22736218571662903
0.1258666068315506
0.19007448852062225
0.19740363955497742
0.1587068885564804
0.2829422056674957
0.20155709981918335
0.11645303666591644
0.09562675654888153
0.125517800450325
0.19508855044841766
0.22135686874389648
0.229135200381279
0.10311207175254822
0.16487088799476624
0.14180615544319153
0.11094124615192413
0.15197809040546417
0.12827607989311218
0.1813562512397766
0.07218767702579498
0.08689176291227341
0.1461162567138672
0.20325706899166107
0.20788981020450592
0.20841088891029358
0.22462064027786255
0.2210707664489746
0.20094817876815796
0.3284294903278351
0.23134362697601318
0.17224469780921936
0.14185215532779694
0.16626179218292236
0.16956475377082825
0.12225621938705444
0.09072823077440262
0.13612745702266693
0.1754215508699417
0.17463764548301697
0.1583927571773529
0.1188805028796196
0.19102796912193298
0.19955548644065857
0.09704912453889847
0.2282949537038803
0.23949815332889557
0.26049450039863586
0.18019384145736694
0.1297380030155182
0.14796675741672516
0.1669652909040451
0.20211365818977356
0.14168517291545868
0.13295848667621613
0.2244497388601303
0.14509016275405884
0.17111554741859436
0.10661455243825912
0.15590330958366394
0.14666545391082764
0.06874892115592957
0.1952631175518036
0.13020557165145874
0.17564024031162262
0.1481129229068756
0.09946854412555695
0.18918859958648682
0.20624303817749023
0.10606168955564499
0.16079188883304596
0.18553023040294647
0.1411084234714508
0.1649836003780365
0.18821460008621216
0.15960708260536194
0.17771673202514648
0.17294739186763763
0.161233052611351
0.20570385456085205
0.10870574414730072
0.10539814084768295
0.1295071542263031
0.1599675416946411
0.15722890198230743
0.10787320137023926
0.1345788687467575
0.12586674094200134
0.21507348120212555
0.13490650057792664
0.21263359487056732
0.2088392972946167
0.17730505764484406
0.11927718669176102
0.28309857845306396
0.18611954152584076
0.07591626048088074
0.23301948606967926
0.10998547822237015
0.23256562650203705
0.12389308214187622
0.12572474777698517
0.06766045093536377
0.12189225107431412
0.16943469643592834
0.2265816181898117
0.2713141441345215
0.11097449064254761
0.1165493056178093
0.09645173698663712
0.10396789014339447
0.1642637401819229
0.23173825442790985
0.15678979456424713
0.1812531054019928
0.25853830575942993
0.1995050311088562
0.14671973884105682
0.034530024975538254
0.1557137370109558
0.20310097932815552
0.16332341730594635
0.17497161030769348
0.2497318536043167
0.1809520125389099
0.16176845133304596
0.08723188936710358
0.17160965502262115
0.09949565678834915
0.12434586882591248
0.14027081429958344
0.11167991161346436
0.23748047649860382
0.21810182929039001
0.27572304010391235
0.22384107112884521
0.1621372401714325
0.1991860568523407
0.1472250074148178
0.1506655216217041
0.12467917054891586
0.12871485948562622
0.09451538324356079
0.12588629126548767
0.15555602312088013
0.2322622388601303
0.23367464542388916
0.161360964179039
0.22880765795707703
0.10254266858100891
0.20420512557029724
0.16568683087825775
0.13410764932632446
0.24317339062690735
0.11651191115379333
0.1946721076965332
0.17483799159526825
0.15607120096683502
0.15984249114990234
0.14045929908752441
0.22004079818725586
0.16396194696426392
0.12269511818885803
0.16519509255886078
0.1561831831932068
0.13902390003204346
0.2547094225883484
0.11112736165523529
0.22987791895866394
0.21049895882606506
0.30841201543807983
0.158333882689476
0.14163000881671906
0.13035695254802704
0.164938285946846
0.23615366220474243
0.2485191524028778
0.147500142455101
0.07590235769748688
0.15022523701190948
0.17166359722614288
0.11822102963924408
0.15154343843460083
0.16389542818069458
0.07840695977210999
0.11457891762256622
0.23796500265598297
0.15302778780460358
0.09588029980659485
0.06860422343015671
0.03190989047288895
0.14127138257026672
0.21231630444526672
0.14694669842720032
0.10378555208444595
0.21272344887256622
0.24076597392559052
0.2252679318189621
0.14530831575393677
0.2325928956270218
0.16142216324806213
0.09395546466112137
0.1897927075624466
0.2351582795381546
0.18201875686645508
0.17331412434577942
0.13567611575126648
0.1380743384361267
0.12057037651538849
0.18782497942447662
0.22818376123905182
0.12385717779397964
0.19278445839881897
0.17197266221046448
0.22111105918884277
0.12639734148979187
0.16196030378341675
0.22515031695365906
0.12004921585321426
0.1397133767604828
0.2044064700603485
0.15888142585754395
0.17553113400936127
0.13836853206157684
0.12596912682056427
0.20033714175224304
0.12626224756240845
0.0619085319340229
0.1103748083114624
0.2340724766254425
