1.1352753639221191
0.38031265139579773
0.12410886585712433
0.21487373113632202
0.3177049458026886
0.1965324431657791
0.22135140001773834
0.06609436869621277
0.13174958527088165
0.22327378392219543
0.15053442120552063
0.2195950299501419
0.18109376728534698
0.23984397947788239
0.2915450930595398
0.18075783550739288
0.1726974993944168
0.09080265462398529
0.12539932131767273
0.08176375180482864
0.1814936399459839
0.10904479026794434
0.23298603296279907
0.13858921825885773
0.16219191253185272
0.07977147400379181
0.174912229180336
0.13925990462303162
0.11511681228876114
0.15570080280303955
0.15242211520671844
0.10662704706192017
0.16705182194709778
0.19306138157844543
0.2739393711090088
0.17517946660518646
0.10566627234220505
0.12760479748249054
0.06052612140774727
0.24613523483276367
0.10922738164663315
0.15923987329006195
0.14317864179611206
0.15935072302818298
0.08706487715244293
0.14442536234855652
0.19072678685188293
0.16794830560684204
0.1211203932762146
0.1482754349708557
0.1709866225719452
0.14804735779762268
0.13819199800491333
0.1593814194202423
0.20876051485538483
0.225876122713089
0.19254128634929657
0.15197055041790009
0.11915423721075058
0.10360508412122726
0.1468198448419571
0.10766207426786423
0.1335451602935791
0.23077866435050964
0.13340824842453003
0.08545968681573868
0.1952555626630783
0.10149382799863815
0.24613825976848602
0.207576721906662
0.21445944905281067
0.08840519934892654
0.17031319439411163
0.12549515068531036
0.2063615620136261
0.22621366381645203
0.1595892310142517
0.25303345918655396
0.12151225656270981
0.13803353905677795
0.10942965745925903
0.1797853410243988
0.18876391649246216
0.16315574944019318
0.14842380583286285
0.21161246299743652
0.14662088453769684
0.1438765674829483
0.16749820113182068
0.2354726940393448
0.15354125201702118
0.17503763735294342
0.10470481216907501
0.17301437258720398
0.21226823329925537
0.17350824177265167
0.06861578673124313
0.16748318076133728
0.20165470242500305
0.20121081173419952
0.16782301664352417
0.23141364753246307
0.14305905997753143
0.24475640058517456
0.1584487110376358
0.18053176999092102
0.27996715903282166
0.2371412068605423
0.16819104552268982
0.21330972015857697
0.1686282455921173
0.2247212827205658
0.16410470008850098
0.16497117280960083
0.4150703251361847
0.22708569467067719
0.19677290320396423
0.2524110972881317
0.12433187663555145
0.18027837574481964
0.2982175648212433
0.19261854887008667
0.22828049957752228
0.22457166016101837
0.1410733163356781
0.12614814937114716
0.17597508430480957
0.2507496774196625
0.1980314999818802
0.10681106150150299
0.22753576934337616
0.1871514469385147
0.22666291892528534
0.12887847423553467
0.12196057289838791
0.05487977713346481
0.1346144676208496
0.16309739649295807
0.2767775058746338
0.1625429093837738
0.12827929854393005
0.22510722279548645
0.11015581339597702
0.20771101117134094
0.19409652054309845
0.11874326318502426
0.1486498862504959
0.31791117787361145
0.27590295672416687
0.20795826613903046
0.21076638996601105
0.2415381819009781
0.20372255146503448
0.18908248841762543
0.18810002505779266
0.20087672770023346
0.10058745741844177
0.22049157321453094
0.23831425607204437
0.18076904118061066
0.2402305006980896
0.12225940823554993
0.11266907304525375
0.14814771711826324
0.14610661566257477
0.09335695207118988
0.24091309309005737
0.18868590891361237
0.26419907808303833
0.23620109260082245
0.1583031266927719
0.19212394952774048
0.22099298238754272
0.20212168991565704
0.15579470992088318
0.15377680957317352
0.18630871176719666
0.18005673587322235
0.1721486747264862
0.21251648664474487
0.10628953576087952
0.20730508863925934
0.20503279566764832
0.11271597445011139
0.18315711617469788
0.1334698498249054
0.1942543089389801
0.2670453190803528
0.20054270327091217
0.2232232689857483
0.007698274217545986
0.25725558400154114
0.09549903869628906
0.27171599864959717
0.1988368183374405
0.183983713388443
0.17756687104701996
0.14272935688495636
0.1311749517917633
0.14542865753173828
0.08530722558498383
0.2979847490787506
0.09221167862415314
0.1895088106393814
0.2922123968601227
0.22150501608848572
0.16100238263607025
0.28754663467407227
0.1598057895898819
0.21196843683719635
0.17877274751663208
0.26115208864212036
0.0993029922246933
0.25722119212150574
0.1637512743473053
0.2535260319709778
0.19199034571647644
0.19731508195400238
0.12082283198833466
0.08824802935123444
0.22050371766090393
0.1782904714345932
0.09411990642547607
0.09966960549354553
0.21731670200824738
0.11177974939346313
0.10767901688814163
0.29771873354911804
0.0893530398607254
0.2855585515499115
0.11897411942481995
0.20292766392230988
0.2084970772266388
0.23728643357753754
0.25815579295158386
0.18972985446453094
0.16748254001140594
0.06489784270524979
0.19363349676132202
0.2778357267379761
0.18382062017917633
0.33237871527671814
0.12565208971500397
0.19777333736419678
0.19459199905395508
0.2561735212802887
0.1346914917230606
0.19274233281612396
0.22648252546787262
0.22494328022003174
0.13509316742420197
0.2347804307937622
0.2295912653207779
0.13807357847690582
0.18041613698005676
0.13351193070411682
0.19669760763645172
0.211659237742424
0.11496394872665405
0.2592683434486389
0.15559569001197815
0.24790696799755096
0.12721219658851624
0.20754259824752808
0.059238120913505554
0.08365374058485031
0.16760121285915375
0.19078195095062256
0.14777734875679016
0.17518578469753265
0.1524268090724945
0.18710100650787354
0.13951286673545837
0.2823645770549774
0.17428597807884216
0.19832733273506165
0.12412993609905243
0.2238520383834839
0.09498172998428345
0.1828744113445282
0.14963138103485107
0.19998371601104736
0.25833943486213684
0.08950848877429962
0.14765143394470215
0.19320917129516602
0.08297517150640488
0.15483568608760834
0.1605517417192459
0.22261583805084229
0.12402722239494324
0.291386216878891
0.15546154975891113
0.10581175982952118
0.2826468050479889
0.14157436788082123
0.12341941148042679
0.23979808390140533
0.17585423588752747
0.22579778730869293
0.14351481199264526
0.15430662035942078
0.14746928215026855
0.1571311056613922
0.2674350440502167
0.12922799587249756
0.14038558304309845
0.20951133966445923
0.17817340791225433
0.09529926627874374
0.22283896803855896
0.06104479730129242
0.18162938952445984
0.16417914628982544
0.0989757627248764
0.19511105120182037
0.07938981056213379
0.18430238962173462
0.19867992401123047
0.2059963196516037
0.1858784556388855
0.25155556201934814
0.12254085391759872
0.12517988681793213
0.18131321668624878
0.1814635992050171
0.13137562572956085
0.13738669455051422
0.19498078525066376
0.19194664061069489
0.15543663501739502
0.25734230875968933
0.12112210690975189
0.10097606480121613
0.1282796710729599
0.09900818020105362
0.11330202221870422
0.2025499939918518
0.18761610984802246
0.12134961038827896
0.17046643793582916
0.1909485161304474
0.1556822806596756
0.20835474133491516
0.17863696813583374
0.19197499752044678
0.13510341942310333
0.18172213435173035
0.17741204798221588
0.15821382403373718
0.1890261322259903
0.14345183968544006
0.13057583570480347
0.19698938727378845
0.1439698338508606
0.16473554074764252
0.04547261446714401
0.2656514644622803
0.13633716106414795
0.18715712428092957
0.12132015079259872
0.15346993505954742
0.10366538912057877
0.18520766496658325
0.09288612008094788
0.2075553685426712
0.11741029471158981
0.1533489227294922
0.031185034662485123
0.1018863245844841
0.06940962374210358
0.13562573492527008
0.15070194005966187
0.1324811428785324
0.2025965005159378
0.15756367146968842
0.2795577347278595
0.214076429605484
0.17113426327705383
0.1765596568584442
0.35694754123687744
0.13425150513648987
0.17643484473228455
0.18245510756969452
0.10218758136034012
0.09928764402866364
0.1293172687292099
0.15719397366046906
0.09934286028146744
0.04739266261458397
0.20061437785625458
0.16884773969650269
0.1330462247133255
0.12562815845012665
0.1566706746816635
0.18576498329639435
0.24050478637218475
0.2175852358341217
0.207491934299469
0.19968295097351074
0.09599453210830688
0.15149883925914764
0.12826265394687653
0.14974673092365265
0.15796644985675812
0.16674508154392242
0.17445731163024902
0.1788317859172821
0.07093481719493866
0.16069434583187103
0.22641032934188843
0.10038365423679352
0.15463724732398987
0.24264678359031677
0.1720597743988037
0.10005532205104828
0.17858090996742249
0.10899895429611206
0.15867049992084503
0.18102505803108215
0.2528780996799469
0.16148871183395386
0.11654812842607498
0.09392017871141434
0.2086988240480423
0.12177103012800217
0.1361672729253769
0.091145358979702
0.20464588701725006
0.08051694929599762
0.06975772976875305
0.15824051201343536
0.2364867776632309
0.1896626502275467
0.16368408501148224
0.1469571739435196
0.159842848777771
0.15517950057983398
0.1657872498035431
0.11119773238897324
0.1649298071861267
0.16491574048995972
0.11176746338605881
0.15752029418945312
0.18802104890346527
0.10115264356136322
0.11804799735546112
0.14193984866142273
0.1540752649307251
0.11310078203678131
0.1079641804099083
0.1421269178390503
0.16718219220638275
0.13731661438941956
0.2734624743461609
0.19719298183918
0.1419297158718109
0.15477681159973145
0.2600969076156616
0.15128183364868164
0.2399243861436844
0.2141207456588745
0.33415472507476807
0.1900261640548706
0.13177211582660675
0.1215723529458046
0.134749636054039
0.1760665476322174
0.21076570451259613
0.1559121161699295
0.06091820448637009
0.031986020505428314
0.22064867615699768
0.1628420203924179
0.18397890031337738
0.23136542737483978
0.20252719521522522
0.1602461040019989
0.1397596299648285
0.13607294857501984
0.1514936238527298
0.2077522873878479
0.11219211667776108
0.23557163774967194
0.1638544648885727
0.19598811864852905
0.1522514522075653
0.11197175830602646
0.20423190295696259
0.19596926867961884
0.1797088384628296
0.14422790706157684
0.24657219648361206
0.11795692890882492
0.14916563034057617
0.12179401516914368
0.16820533573627472
0.26728540658950806
0.1821589171886444
0.15174159407615662
0.16898684203624725
0.1889084428548813
0.1381751000881195
0.09524005651473999
0.0946175679564476
0.1884220689535141
0.17568552494049072
0.07802179455757141
0.14806999266147614
0.1538422852754593
0.07876667380332947
0.3313881754875183
0.06527575105428696
0.1405249834060669
0.14987172186374664
0.15342222154140472
0.25876912474632263
0.17727890610694885
0.16086268424987793
0.12038201093673706
0.16995644569396973
0.22696399688720703
0.18663427233695984
0.18189798295497894
0.2000429779291153
0.09204687923192978
0.18281759321689606
0.10089500993490219
0.14456115663051605
0.18722578883171082
0.17221055924892426
0.1871245801448822
0.21582727134227753
0.23702307045459747
0.22568166255950928
0.15217943489551544
0.1831507831811905
0.1751726120710373
0.15756461024284363
0.1605733186006546
0.09452211111783981
0.20238569378852844
0.13619650900363922
0.20822696387767792
0.16877630352973938
0.2759794592857361
0.11038549989461899
0.13060377538204193
0.056295908987522125
0.16867393255233765
0.14719298481941223
0.170220285654068
0.21258939802646637
0.17188328504562378
0.15238279104232788
0.10279832780361176
0.19412116706371307
0.11538984626531601
0.13638707995414734
0.21197064220905304
0.06832416355609894
0.1347096860408783
0.12332230061292648
0.09246109426021576
0.2102625072002411
0.09816836565732956
0.17895087599754333
0.15255890786647797
0.11063891649246216
0.23108839988708496
0.243559792637825
0.1039847657084465
0.08914285153150558
0.19598381221294403
0.23039297759532928
0.18516568839550018
0.15511178970336914
0.11921598762273788
0.1259027123451233
0.11277259141206741
0.21539011597633362
0.14999303221702576
0.13206712901592255
0.46795889735221863
0.08702272921800613
0.1337542086839676
0.2124306857585907
0.11773084104061127
0.15836037695407867
0.12571905553340912
0.051692795008420944
0.21625076234340668
0.11687779426574707
0.1830541491508484
0.21079710125923157
0.1359487771987915
0.10198184847831726
0.19466860592365265
0.07220539450645447
0.277153342962265
0.06866060942411423
0.19771859049797058
0.17403972148895264
0.16682392358779907
0.14021234214305878
0.1313522756099701
0.10158898681402206
0.06862097978591919
0.1465466022491455
0.06668954342603683
0.10815460234880447
0.10744328051805496
0.18762822449207306
0.19654378294944763
0.19435209035873413
0.11189408600330353
0.12786178290843964
0.027374504134058952
0.14696116745471954
0.1388358622789383
0.20193247497081757
0.09827545285224915
0.12663011252880096
0.21392422914505005
0.16185516119003296
0.22612996399402618
0.20559322834014893
0.07264112681150436
0.17300868034362793
0.17422594130039215
0.184102863073349
0.08804133534431458
0.10974941402673721
0.15828055143356323
0.1409803330898285
0.07925375550985336
0.13169018924236298
0.18564589321613312
0.15200088918209076
0.2525087296962738
0.2192375212907791
0.1331636905670166
0.16651207208633423
0.12552592158317566
0.12264589220285416
0.12454953044652939
0.1843910664319992
0.15132826566696167
0.05795784294605255
0.11403526365756989
0.16691383719444275
0.14839839935302734
0.10531249642372131
0.1712527573108673
0.02696346864104271
0.28165295720100403
0.18892262876033783
0.10642023384571075
0.2436065673828125
0.13038715720176697
0.15867871046066284
0.19645726680755615
0.1976439356803894
0.07530300319194794
0.23833444714546204
0.26380395889282227
0.19450519979000092
0.18766272068023682
0.13190139830112457
0.1443449705839157
0.1812477707862854
0.2383173108100891
0.1252991408109665
0.11322694271802902
0.23454973101615906
0.20914500951766968
0.055641911923885345
0.314102441072464
0.14550071954727173
0.3392180800437927
0.23468992114067078
0.0970664694905281
0.10668974369764328
0.30246931314468384
0.12353847175836563
0.20267418026924133
0.1853194236755371
0.06004583090543747
0.3173111379146576
0.13630692660808563
0.19039128720760345
0.1735837608575821
0.17017559707164764
0.15252690017223358
0.12319347262382507
0.18872946500778198
0.10774465650320053
0.21637068688869476
0.08019571006298065
0.09724152088165283
0.27047887444496155
0.14832444489002228
0.15911990404129028
0.11606386303901672
0.22439701855182648
0.19106851518154144
0.1434703767299652
0.1461152881383896
0.19678547978401184
0.17516416311264038
0.15309230983257294
0.21158957481384277
0.1303916722536087
0.1856711506843567
0.1990731656551361
0.11105778068304062
0.15374501049518585
0.26702508330345154
0.28495827317237854
0.16692166030406952
0.09678783267736435
0.33857759833335876
0.21352578699588776
0.20173005759716034
0.22954030334949493
0.11631672829389572
0.0925804078578949
0.12537764012813568
0.15570634603500366
0.13606861233711243
0.09917919337749481
0.113882876932621
0.10565844923257828
0.11206908524036407
0.1502956748008728
0.08366474509239197
0.11683223396539688
0.11787860840559006
0.17077957093715668
0.21975313127040863
0.152825728058815
0.07166387885808945
0.19033555686473846
0.12444543838500977
0.13077770173549652
0.10586277395486832
0.14735522866249084
0.13495643436908722
0.31677043437957764
0.17235852777957916
0.12970703840255737
0.20935474336147308
0.09777261316776276
0.1634017527103424
0.17576541006565094
0.1272144764661789
0.12127979099750519
0.12911464273929596
0.14986787736415863
0.17053399980068207
0.0438850075006485
0.1703076958656311
0.10624856501817703
0.1951887458562851
0.2704979479312897
0.13468649983406067
0.08720176666975021
0.11525968462228775
0.16090990602970123
0.1440700739622116
0.10075926035642624
0.17405474185943604
0.1447456181049347
0.16682228446006775
0.17223581671714783
0.1602008044719696
0.22458171844482422
0.07550555467605591
0.17167916893959045
0.13917191326618195
0.1283266544342041
0.09765210002660751
0.17409196496009827
0.1397220343351364
0.16993401944637299
0.193731427192688
0.09886207431554794
0.2768383026123047
0.14489485323429108
0.15879550576210022
0.0964830070734024
0.10327721387147903
0.15915413200855255
0.14657063782215118
0.17277899384498596
0.02768472395837307
0.07714351266622543
0.09380465000867844
0.21257802844047546
0.10235504806041718
0.19801074266433716
0.15828709304332733
0.11084263771772385
0.10115808993577957
0.24664287269115448
0.15809181332588196
0.3225010931491852
0.17451736330986023
0.1566234529018402
0.10484309494495392
0.1445017009973526
0.12900835275650024
0.11970750987529755
0.1352034956216812
0.17126066982746124
0.12673905491828918
0.20750384032726288
0.18920625746250153
0.21809034049510956
0.13406774401664734
0.13105161488056183
0.1076522022485733
0.1916971057653427
0.12761618196964264
0.07310491800308228
0.21770447492599487
0.13695208728313446
0.15681302547454834
0.09412708878517151
0.19135621190071106
0.12284233421087265
0.20595970749855042
0.17021901905536652
0.11559756845235825
0.20140601694583893
0.11289942264556885
0.18796740472316742
0.11665304750204086
0.18877173960208893
0.20739048719406128
0.10424573719501495
0.179415762424469
0.0776963084936142
0.1461469978094101
0.10198970884084702
0.16633974015712738
0.1278614103794098
0.16222204267978668
0.12540695071220398
0.14260783791542053
0.15040136873722076
0.16402392089366913
0.17833521962165833
0.1551462709903717
0.0676071047782898
0.10454335808753967
0.135969877243042
0.06816079467535019
0.1315646469593048
0.20156697928905487
0.12477526813745499
0.08676524460315704
0.16603921353816986
0.3142116069793701
0.21407784521579742
0.08537081629037857
0.15319028496742249
0.14566650986671448
0.10556758940219879
0.17880982160568237
0.1947231888771057
0.26667776703834534
0.10763196647167206
0.1584971398115158
0.13312411308288574
0.059271808713674545
0.09057522565126419
0.13668350875377655
0.14762663841247559
0.11089794337749481
0.0655849277973175
0.15773390233516693
0.14932000637054443
0.14897409081459045
0.15119652450084686
0.15471170842647552
0.1260533183813095
0.17197948694229126
0.13479749858379364
0.12990951538085938
0.16202636063098907
0.14235197007656097
0.20741169154644012
0.2145995795726776
0.14861711859703064
0.16695456206798553
0.14854252338409424
0.10822596400976181
0.14406703412532806
0.11660756170749664
0.1015591099858284
0.4843474328517914
0.11994852870702744
0.13242919743061066
0.1945573091506958
0.13991735875606537
0.1551864594221115
0.04962462559342384
0.17653191089630127
0.13650575280189514
0.12205886095762253
0.09955058991909027
0.11097341775894165
0.10895946621894836
0.18970605731010437
0.11121297627687454
0.28367379307746887
0.24077177047729492
0.12215746939182281
0.20318008959293365
0.22926390171051025
0.08492724597454071
0.13322222232818604
0.18469053506851196
0.1910790354013443
0.1562221199274063
0.2068823128938675
0.24240049719810486
0.26876920461654663
0.14035233855247498
0.10367012768983841
0.12633928656578064
0.13787496089935303
0.12533330917358398
0.15979738533496857
0.1067514419555664
0.20239481329917908
0.19449031352996826
0.1614721268415451
0.06472355872392654
0.12431164085865021
0.17500536143779755
0.09111945331096649
0.1641291379928589
0.11066973209381104
0.09071383625268936
0.07097353786230087
0.215826153755188
0.07771868258714676
0.053765781223773956
0.1588447093963623
0.18543270230293274
0.17333291471004486
0.13386493921279907
0.08167912065982819
0.12319502979516983
0.10822403430938721
0.13700097799301147
0.0980556383728981
0.13093741238117218
0.15061981976032257
0.15133163332939148
0.07532802224159241
0.17763879895210266
0.08538598567247391
0.10228126496076584
0.17850573360919952
0.1177249476313591
0.07184167951345444
0.12883202731609344
0.1826981008052826
0.11402948200702667
0.1694241613149643
0.1413429230451584
0.11586542427539825
0.15810148417949677
0.21102233231067657
0.0798335149884224
0.11791237443685532
0.13173840939998627
0.16194574534893036
0.20601727068424225
0.2947629988193512
0.08170747756958008
0.1458364874124527
0.19652791321277618
0.1356877237558365
0.1485660821199417
0.1215667724609375
0.17849671840667725
0.14851385354995728
0.1620175987482071
0.17557774484157562
0.14785996079444885
0.09033666551113129
0.12523365020751953
0.09600114077329636
0.0802818238735199
0.09517726302146912
0.2420157939195633
0.09285343438386917
0.1441514492034912
0.24675093591213226
0.09267501533031464
0.13406333327293396
0.06700066477060318
0.10734380036592484
0.056411635130643845
0.10706064105033875
0.14853262901306152
0.047397639602422714
0.14087332785129547
0.07016520202159882
0.16702881455421448
0.14556069672107697
0.2688874900341034
0.036512311547994614
0.14315520226955414
0.1274971067905426
0.10063927620649338
0.1825917661190033
0.15559272468090057
0.14354552328586578
0.11935760825872421
0.11016622185707092
0.12024209648370743
0.08332181721925735
0.10953615605831146
0.13918939232826233
0.34694257378578186
0.1411164104938507
0.23875297605991364
0.28511911630630493
0.15335774421691895
0.12190480530261993
0.12175104767084122
0.10989774018526077
0.1101241260766983
0.11099884659051895
0.10867685824632645
0.12355050444602966
0.13969795405864716
0.1716107428073883
0.16264615952968597
0.1272929459810257
0.1335984766483307
0.13742604851722717
0.21887002885341644
0.17908033728599548
0.11479515582323074
0.17771390080451965
0.12901340425014496
0.12331892549991608
0.11393208056688309
0.10858584195375443
0.1512281894683838
0.20762385427951813
0.17165540158748627
0.14089441299438477
0.02092437446117401
0.19565200805664062
0.12234295904636383
0.13913728296756744
0.16539941728115082
0.07838977128267288
0.18806836009025574
0.09657056629657745
0.12123595923185349
0.10659930855035782
0.22819989919662476
0.11914032697677612
0.12369446456432343
0.1200740784406662
0.043398190289735794
0.11957629024982452
0.26616141200065613
0.10018150508403778
0.15166018903255463
0.07918998599052429
0.17558524012565613
0.14020048081874847
0.2752001881599426
0.2087729424238205
0.15620377659797668
0.03937426209449768
0.10962831974029541
0.1394028514623642
0.14061062037944794
0.08790459483861923
0.13470421731472015
0.15993589162826538
0.11079976707696915
0.09014628082513809
0.06700938940048218
0.12539039552211761
0.15633223950862885
0.10996458679437637
0.13893413543701172
0.10338742285966873
0.09771693497896194
0.13983939588069916
0.19437478482723236
0.16181156039237976
0.08331406861543655
0.07990119606256485
0.08041740953922272
0.15113362669944763
0.1691594421863556
0.09316529333591461
0.14077003300189972
0.1720530390739441
0.18965791165828705
0.15666426718235016
0.13341861963272095
0.20901866257190704
0.15550190210342407
0.11640754342079163
0.12060033529996872
0.17746636271476746
0.15965721011161804
0.1288536936044693
0.12624754011631012
0.10081194341182709
0.19270305335521698
0.14542147517204285
0.16755059361457825
0.10474330186843872
0.12690193951129913
0.13928738236427307
0.11293482035398483
0.09115791320800781
0.12095750123262405
0.029145529493689537
0.10265488922595978
0.0940282791852951
0.04919446259737015
0.12623830139636993
0.08078181743621826
0.06091168522834778
0.03845244646072388
0.09882509708404541
0.0336352102458477
0.0373188741505146
0.21677428483963013
0.13152281939983368
0.12495103478431702
0.1743355095386505
0.09163887798786163
0.12485935539007187
0.19302166998386383
0.16911733150482178
0.15144295990467072
0.12990090250968933
0.21518054604530334
0.1059807538986206
0.13452771306037903
0.16710104048252106
0.08978535979986191
0.16492682695388794
0.10604103654623032
0.14615920186042786
0.20374417304992676
0.08515582233667374
0.10282597690820694
0.17458106577396393
0.127105712890625
0.20288363099098206
0.1362713724374771
0.03775119408965111
0.1750459372997284
0.21270602941513062
0.2459387630224228
0.04624222591519356
0.0821651816368103
0.15511994063854218
0.25988397002220154
0.18922674655914307
0.12673582136631012
0.15914225578308105
0.1514514684677124
0.19616305828094482
0.12670445442199707
0.05644968897104263
0.24052399396896362
0.0498201884329319
0.18421123921871185
0.17113593220710754
0.1465122401714325
0.05244158208370209
0.17279186844825745
0.12513373792171478
0.0958276316523552
0.2016715407371521
0.1036171168088913
0.1989789754152298
0.08537557721138
0.35711541771888733
0.16719898581504822
0.0836312472820282
0.16255979239940643
0.13651806116104126
0.13674794137477875
0.17324815690517426
0.36180320382118225
0.11874616891145706
0.24037010967731476
0.04947440326213837
0.15094473958015442
0.10497672855854034
0.04900060594081879
0.06943676620721817
0.050643227994441986
0.14073462784290314
0.09373835474252701
0.06618303060531616
0.18476927280426025
0.1771075576543808
0.1569817215204239
0.10400108993053436
0.10720880329608917
0.1296841949224472
0.16698911786079407
0.0868360623717308
0.09808823466300964
0.13003793358802795
0.10207425802946091
0.11352009326219559
0.14387114346027374
0.08613678812980652
0.18366990983486176
0.12705619633197784
0.20019733905792236
0.10794803500175476
0.11459159851074219
0.07809467613697052
0.07030405849218369
0.11241773515939713
0.17292463779449463
0.13678495585918427
0.24118563532829285
0.1041717454791069
0.1366071105003357
0.13424021005630493
0.15653786063194275
0.11027082800865173
0.1488966941833496
0.11703164130449295
0.12605571746826172
0.1734427809715271
0.07657099515199661
0.10890669375658035
0.0573536679148674
0.14377212524414062
0.11988090723752975
0.08602862060070038
0.15250545740127563
0.09950960427522659
0.1673743724822998
0.20037581026554108
0.16580913960933685
0.1345139592885971
0.14884892106056213
0.11387890577316284
0.09474663436412811
0.24933594465255737
0.0845743715763092
0.08783560246229172
0.15769483149051666
0.1924736499786377
0.104749396443367
0.12966232001781464
0.0882706567645073
0.18353179097175598
0.15647517144680023
0.08680598437786102
0.0859307199716568
0.17513881623744965
0.16012075543403625
0.16580520570278168
0.17535808682441711
0.13770723342895508
0.30436649918556213
0.11379611492156982
0.14234396815299988
0.08151308447122574
0.16184313595294952
0.0954330638051033
0.0984019860625267
0.07711008936166763
0.04457306116819382
0.13917188346385956
0.04818323254585266
0.2540076971054077
0.15736597776412964
0.0904882550239563
0.13475936651229858
0.09078966826200485
0.11736488342285156
0.08141209930181503
0.12145049124956131
0.0751621201634407
0.11791903525590897
0.11366768181324005
0.23698315024375916
0.07343453168869019
0.10655570030212402
0.17182451486587524
0.06342855840921402
0.13184575736522675
0.23539048433303833
0.29438045620918274
0.047861263155937195
0.15609173476696014
0.14182807505130768
0.10188232362270355
0.10105974972248077
0.08679623901844025
0.0775594636797905
0.07779969274997711
0.10370956361293793
0.14124716818332672
0.17022854089736938
0.11558021605014801
0.10355020314455032
0.07037045806646347
0.12222908437252045
0.23205401003360748
0.07358727604150772
0.07327432930469513
0.1261463165283203
0.10421977937221527
0.03070138767361641
0.07032107561826706
0.1227421686053276
0.23362740874290466
0.1499456912279129
0.16523222625255585
0.117762990295887
0.06420424580574036
0.11068499833345413
0.12109556049108505
0.0794321596622467
0.12122336030006409
0.10139747709035873
0.1871672123670578
0.13882166147232056
0.15697844326496124
0.1708907037973404
0.13547411561012268
0.139077827334404
0.12438122928142548
0.129582017660141
0.11456403881311417
0.13037234544754028
0.1869250237941742
0.15913759171962738
0.08084084093570709
0.1551794856786728
0.09536422789096832
0.16063161194324493
0.1456449180841446
0.10458551347255707
0.18248097598552704
0.14826415479183197
0.16091790795326233
0.20560111105442047
0.05583639442920685
0.1406475305557251
0.15704242885112762
0.23203960061073303
0.08055818825960159
0.07679278403520584
0.08047228306531906
0.1412540078163147
0.06488083302974701
0.08638186752796173
0.11880824714899063
0.13769657909870148
0.1711592823266983
0.1673162281513214
0.05512947216629982
0.15926773846149445
0.1032545268535614
0.09763889759778976
0.1814792901277542
0.24123254418373108
0.15860454738140106
0.11513220518827438
0.04429240524768829
0.13206297159194946
0.15610313415527344
0.10352074354887009
0.17811380326747894
0.05380350351333618
0.06297095119953156
0.15070053935050964
0.09850630909204483
0.16047295928001404
0.22209565341472626
0.1956181526184082
0.14482279121875763
0.12570159137248993
0.19704265892505646
0.15394116938114166
0.11445935815572739
0.1647266149520874
0.18669180572032928
0.13593514263629913
0.17663584649562836
0.11741986125707626
0.16243316233158112
0.0834316611289978
0.11536838859319687
0.09794161468744278
0.10578466951847076
0.12453369051218033
0.16002202033996582
0.09864771366119385
0.15356551110744476
0.08958037197589874
0.13830262422561646
0.05383219197392464
0.18123042583465576
0.1136096864938736
0.14385582506656647
0.07679084688425064
0.0701204165816307
0.15889069437980652
0.1534765660762787
0.12995636463165283
0.2043566256761551
0.12339626252651215
0.1888272762298584
0.05955498293042183
0.09262727200984955
0.09518571197986603
0.10305386781692505
0.1079389750957489
0.1794775128364563
0.07865280658006668
0.04931945353746414
0.15376117825508118
0.09554321318864822
0.07573112845420837
0.0663987472653389
0.130342036485672
0.26025354862213135
0.14742150902748108
0.07196944206953049
0.08351047337055206
0.12495981901884079
0.14849510788917542
0.14158661663532257
0.09939779341220856
0.12645237147808075
0.2142612189054489
0.07369798421859741
0.06346297264099121
0.07601911574602127
0.20136965811252594
0.11929876357316971
0.10059844702482224
0.0865817666053772
0.02045617438852787
0.08978135138750076
0.09970255196094513
0.18196529150009155
0.10887250304222107
0.15877798199653625
0.07521092146635056
0.11707726120948792
0.06388913094997406
0.10898824781179428
0.1327759474515915
0.16138491034507751
0.1568259745836258
0.1273745894432068
0.17091034352779388
0.17171558737754822
0.14748038351535797
0.1652294546365738
0.0858636349439621
0.11386565864086151
0.11030558496713638
0.11552097648382187
0.15836215019226074
0.23858466744422913
0.22690941393375397
0.10789348930120468
0.1661829799413681
0.12523403763771057
0.07759957760572433
0.0750797837972641
0.11482685804367065
0.11939291656017303
0.1254376471042633
0.09235689043998718
0.09416115283966064
0.1867750883102417
0.11541778594255447
0.11249423027038574
0.06968183070421219
0.20952750742435455
0.11914601922035217
0.1730576753616333
0.05631444603204727
0.05538098141551018
0.09826009720563889
0.06352194398641586
0.05780528113245964
0.16009262204170227
0.16972234845161438
0.1554744690656662
0.11206986755132675
0.1052476093173027
0.16654789447784424
0.11964628845453262
0.15012411773204803
0.12989895045757294
0.06810926645994186
0.13530035316944122
0.10725101828575134
0.040558528155088425
0.04756215959787369
0.15976722538471222
0.29711875319480896
0.32199564576148987
0.1690170019865036
0.13571567833423615
0.16117364168167114
0.10327145457267761
0.16805581748485565
0.1359291523694992
0.1292579472064972
0.18238157033920288
0.12471423298120499
0.07607439905405045
0.11831866949796677
0.1530008614063263
0.16441002488136292
0.1398426741361618
0.16978994011878967
0.11825208365917206
0.10106832534074783
0.13203229010105133
0.08225030452013016
0.1585504114627838
0.2961671054363251
0.08577755093574524
0.12933291494846344
0.17669786512851715
0.10502830147743225
0.14533573389053345
0.16229398548603058
0.15152302384376526
0.10113731771707535
0.15258291363716125
0.1426655799150467
0.16696307063102722
0.09267307072877884
0.11133964359760284
0.039427924901247025
0.16701549291610718
0.12107135355472565
0.1352025717496872
0.18750225007534027
0.14737731218338013
0.1285226196050644
0.0960051417350769
0.1923450529575348
0.09020231664180756
0.10297932475805283
0.068917416036129
0.09427186846733093
0.13362224400043488
0.1421511173248291
0.08345626294612885
0.08607190102338791
0.14707712829113007
0.16735073924064636
0.06285256147384644
0.1296887844800949
0.03984799236059189
0.07573951780796051
0.19026727974414825
0.18636979162693024
0.1809302419424057
0.14655475318431854
0.12908241152763367
0.09574397653341293
0.11400764435529709
0.11080910265445709
0.08177565783262253
0.1022249162197113
0.10977698862552643
0.20576171576976776
0.07923784106969833
0.10364212095737457
0.16094452142715454
0.2207116037607193
0.20863334834575653
0.19024010002613068
0.08578883856534958
0.0939217135310173
0.12817798554897308
0.13776220381259918
0.07785249501466751
0.09861188381910324
0.12935574352741241
0.10594523698091507
0.08994973450899124
0.11594507098197937
0.1326114684343338
0.04837614670395851
0.1005125567317009
0.16097237169742584
0.1251271516084671
0.2274608314037323
0.10885027050971985
0.1546171009540558
0.10387539118528366
0.037139642983675
0.08137772977352142
0.13565045595169067
0.14258834719657898
0.1258333921432495
0.09518922865390778
0.14228810369968414
0.14495150744915009
0.138475701212883
0.053197313100099564
0.08564924448728561
0.141510471701622
0.09733869135379791
0.07727944850921631
0.11093509942293167
0.15072092413902283
0.102568119764328
0.1635328233242035
0.11703760921955109
0.1511310338973999
0.101889468729496
0.11656073480844498
0.15606391429901123
0.16863350570201874
0.1554243117570877
0.10563468188047409
0.22530701756477356
0.14274674654006958
0.08007204532623291
0.06318198144435883
0.10961515456438065
0.11012916266918182
0.14873264729976654
0.15777245163917542
0.18460573256015778
0.1080983430147171
0.12881797552108765
0.1272643804550171
0.19124874472618103
0.08989150077104568
0.10625763982534409
0.10388670116662979
0.08021505177021027
0.12869980931282043
0.2290581911802292
0.11239968240261078
0.10304243117570877
0.1564527004957199
0.17367269098758698
0.2777157127857208
0.05239914357662201
0.11700858920812607
0.12330640107393265
0.14842352271080017
0.09220373630523682
0.10599847882986069
0.17355242371559143
0.16507214307785034
0.17866449058055878
0.297158420085907
0.23850233852863312
0.12458497285842896
0.1602761149406433
0.1295657753944397
0.14873448014259338
0.12392172962427139
0.08057045936584473
0.07167459279298782
0.06147230416536331
0.0899990051984787
0.11542908102273941
0.12818077206611633
0.12265016883611679
0.15557286143302917
0.06684842705726624
0.146028071641922
0.12364315241575241
0.23370008170604706
0.11948278546333313
0.05987119674682617
0.13020268082618713
0.14016710221767426
0.21685726940631866
0.20541836321353912
0.1339222639799118
0.10048865526914597
0.1489846408367157
0.1207551509141922
0.13492435216903687
0.12047306448221207
0.10643569380044937
0.12174028158187866
0.17826448380947113
0.23708795011043549
0.06087828800082207
0.13797451555728912
0.11956339329481125
0.1524258404970169
0.18437880277633667
0.10822167992591858
0.13077019155025482
0.1746000498533249
0.11415413022041321
0.1453254669904709
0.028732798993587494
0.09679268300533295
0.1161496713757515
0.1966051608324051
0.19075845181941986
0.07571790367364883
0.12071693688631058
0.1308671236038208
0.1459917426109314
0.10608016699552536
0.09906627237796783
0.23327603936195374
0.498979777097702
0.1471582055091858
0.11800961941480637
0.0580434612929821
0.165740966796875
0.15428322553634644
0.13479159772396088
0.06254962831735611
0.16282452642917633
0.09870695322751999
0.15716423094272614
0.13320913910865784
0.12377426028251648
0.08420815318822861
0.23100005090236664
0.06979536265134811
0.16769763827323914
0.16579407453536987
0.1005377247929573
0.15515141189098358
0.04208116978406906
0.10706090182065964
0.10350684821605682
0.10158991813659668
0.10537802428007126
0.19557854533195496
0.13537286221981049
0.14253385365009308
0.14692610502243042
0.1836404800415039
0.15275847911834717
0.09145492315292358
0.0735197365283966
0.09906349331140518
0.1718209981918335
0.10087618976831436
0.18063680827617645
0.1042262464761734
0.16496707499027252
0.08354900032281876
0.04825997352600098
0.027870336547493935
0.11029762029647827
0.13604427874088287
0.10724499076604843
0.2031736969947815
0.1324758231639862
0.10428815335035324
0.1367047280073166
0.17123588919639587
0.12374158948659897
0.07115211337804794
0.15610487759113312
0.07945694774389267
0.20183205604553223
0.09386193007230759
0.07723215222358704
0.2379310578107834
0.1831929236650467
0.19389976561069489
0.15137547254562378
0.09690255671739578
0.15254734456539154
0.10343137383460999
0.13080602884292603
0.15074481070041656
0.133534774184227
0.1805422157049179
0.09317435324192047
0.0909358486533165
0.16154739260673523
0.0865442082285881
0.08280503749847412
0.11927048861980438
0.16292761266231537
0.12108936905860901
0.17482902109622955
0.14201003313064575
0.030681315809488297
0.2162507325410843
0.14753350615501404
0.11242559552192688
0.19239841401576996
0.16290128231048584
0.11492273956537247
0.16668595373630524
0.16511429846286774
0.19063004851341248
0.15989847481250763
0.02175803668797016
0.11111439764499664
0.09327078610658646
0.07665295898914337
0.09596654027700424
0.12464980036020279
0.10195368528366089
0.07793517410755157
0.12795625627040863
0.09675712883472443
0.17809531092643738
0.1545294225215912
0.14534877240657806
0.057833559811115265
0.09785633534193039
0.10700017958879471
0.1493932008743286
0.1195460855960846
0.06719779223203659
0.10006169229745865
0.10286691039800644
0.44674792885780334
0.14647382497787476
0.06686922162771225
0.10176119208335876
0.23002010583877563
0.11435430496931076
0.16791704297065735
0.1506693810224533
0.206900492310524
0.0901746153831482
0.10959909856319427
0.17801791429519653
0.08008335530757904
0.16215389966964722
0.08701504021883011
0.10505863279104233
0.11442680656909943
0.08727984875440598
0.2016327679157257
0.12591087818145752
0.10953278839588165
0.09759673476219177
0.1225309818983078
0.18397396802902222
0.09800980240106583
0.08818183839321136
0.09564048051834106
0.14867687225341797
0.09194103628396988
0.16087442636489868
0.13959041237831116
0.0409361869096756
0.140952467918396
0.0931115448474884
0.12470603734254837
0.061039090156555176
0.09899264574050903
0.1450033187866211
0.10858628153800964
0.13692402839660645
0.08118130266666412
0.24368275701999664
0.0989142507314682
0.12025562673807144
0.11968857049942017
0.21718928217887878
0.11712340265512466
0.09356873482465744
0.11668702960014343
0.11862308531999588
0.09269959479570389
0.16482160985469818
0.16157166659832
0.23863117396831512
0.11021579056978226
0.18293114006519318
0.10755728930234909
0.1251286417245865
0.10456562787294388
0.17916284501552582
0.031085260212421417
0.1281876266002655
0.09821131825447083
0.2161913812160492
0.1337765008211136
0.13730670511722565
0.18192529678344727
0.06846346706151962
0.18547280132770538
0.08715888112783432
0.1646195352077484
0.18103478848934174
0.14053745567798615
0.10310989618301392
0.13003981113433838
0.12741491198539734
0.15723900496959686
0.12120641022920609
0.12057654559612274
0.12162912636995316
0.13606806099414825
0.20749200880527496
0.08624197542667389
0.08420904725790024
0.26216790080070496
0.12308171391487122
0.07944869995117188
0.08425090461969376
0.1514895260334015
0.16789591312408447
0.2708691358566284
0.191846564412117
0.2520104944705963
0.09423555433750153
0.15944983065128326
0.078527070581913
0.11903475224971771
0.15847238898277283
0.15143775939941406
0.09890209883451462
0.053635552525520325
0.1314806491136551
0.11014741659164429
0.22338008880615234
0.08909568935632706
0.09920898824930191
0.08376725018024445
0.07168890535831451
0.13569700717926025
0.10464561730623245
0.1627383530139923
0.07055500894784927
0.13855434954166412
0.07214945554733276
0.09270792454481125
0.1163027286529541
0.08455587178468704
0.08765214681625366
0.08980748802423477
0.11998613178730011
0.11709457635879517
0.14517192542552948
0.13962243497371674
0.14989478886127472
0.1661209613084793
0.09744659811258316
0.14332064986228943
0.1307096928358078
0.09349595010280609
0.14273135364055634
0.2100805789232254
0.1320217400789261
0.12628501653671265
0.08997321873903275
0.09267167001962662
0.06233641877770424
0.08268719911575317
0.0682467594742775
0.16526542603969574
0.14902575314044952
0.07672020047903061
0.15368826687335968
0.20582915842533112
0.05986512079834938
0.05900637060403824
0.0896846354007721
0.15523318946361542
0.12212586402893066
0.1127225011587143
0.06586888432502747
0.11396127194166183
0.18168069422245026
0.06090501323342323
0.09267152845859528
0.16292893886566162
0.14371249079704285
0.04755110293626785
0.045249033719301224
0.14326052367687225
0.06373275071382523
0.06588727235794067
0.12014150619506836
0.2181902378797531
0.17819887399673462
0.06052984297275543
0.0424516499042511
0.14626802504062653
0.15491528809070587
0.10777202993631363
0.126222625374794
0.1933191865682602
0.061989184468984604
0.15384279191493988
0.06156603991985321
0.08999332040548325
0.046796999871730804
0.12266334146261215
0.08177721500396729
0.0548153892159462
0.076665960252285
0.1562097668647766
0.17649081349372864
0.0909373015165329
0.20089414715766907
0.08248287439346313
0.0880444198846817
0.08025467395782471
0.11795928329229355
0.06579411029815674
0.1470935344696045
0.10300972312688828
0.14896315336227417
0.1114361584186554
0.15043853223323822
0.21153487265110016
0.09762747585773468
0.0743572935461998
0.13913805782794952
0.1598883867263794
0.15652775764465332
0.16916757822036743
0.09692306071519852
0.04464090242981911
0.07148172706365585
0.12183079123497009
0.0904805138707161
0.10249006748199463
0.12370841205120087
0.22639785706996918
0.12457132339477539
0.07410747557878494
0.1065029725432396
0.14139214158058167
0.14117611944675446
0.14200375974178314
0.1698705106973648
0.0884142816066742
0.08831068873405457
0.19313527643680573
0.13076382875442505
0.07897573709487915
0.11959077417850494
0.1364370584487915
0.030236244201660156
0.04816819354891777
0.08783459663391113
0.07998432964086533
0.2277856022119522
0.20922867953777313
0.06431165337562561
0.17251797020435333
0.13781419396400452
0.1278267204761505
0.060966916382312775
0.05267822742462158
0.13145771622657776
0.13793061673641205
0.09067084640264511
0.06549263745546341
0.12674516439437866
0.06663569808006287
0.10261181741952896
0.09547986090183258
0.07350078225135803
0.11804494261741638
0.19297343492507935
0.10693561285734177
0.05962230637669563
0.05934282764792442
0.19187262654304504
0.138566792011261
0.1884377896785736
0.12866269052028656
0.1217946782708168
0.08251412957906723
0.10344992578029633
0.10907741636037827
0.184638112783432
0.14376555383205414
0.1270458996295929
0.0924205631017685
0.11210370063781738
0.09710431843996048
0.14498832821846008
0.15955303609371185
0.08382188528776169
0.11920319497585297
0.06813833862543106
0.05941135436296463
0.11736668646335602
0.1173478215932846
0.08243829011917114
0.11403089761734009
0.0737985372543335
0.08712388575077057
0.1888463944196701
0.1315324306488037
0.1162090077996254
0.1576278805732727
0.11333837360143661
0.06782059371471405
0.17958220839500427
0.2395380288362503
0.19362442195415497
0.10031773149967194
0.06939931958913803
0.10119031369686127
0.023845653980970383
0.10014964640140533
0.1346353143453598
0.06419934332370758
0.056469060480594635
0.26324403285980225
0.13968604803085327
0.17431549727916718
0.07641013711690903
0.1043384000658989
0.18269172310829163
0.024986736476421356
0.10450250655412674
0.060924459248781204
0.10469693690538406
0.06953731179237366
0.14741989970207214
0.13496024906635284
0.10003039985895157
0.11281977593898773
0.11043019592761993
0.10777362436056137
0.10703396797180176
0.049112316220998764
0.126306414604187
0.11902771890163422
0.17070777714252472
0.11959891766309738
0.11154181510210037
0.10648255050182343
0.13316300511360168
0.11969006061553955
0.0750097781419754
0.11507844924926758
0.08742775022983551
0.11118552833795547
0.12194269150495529
0.2681107819080353
0.09599084407091141
0.18497677147388458
0.10339891910552979
0.15885324776172638
0.13766656816005707
0.08564979583024979
0.13404040038585663
0.04218588024377823
0.10589972138404846
0.12166408449411392
0.10113754123449326
0.10298465192317963
0.14258018136024475
0.16788817942142487
0.2869710922241211
0.10988648980855942
0.11999597400426865
0.1143629401922226
0.08269602805376053
0.05411016568541527
0.13720566034317017
0.1060665100812912
0.06494474411010742
0.17316871881484985
0.17499443888664246
0.12320949882268906
0.13436736166477203
0.3023815155029297
0.0943942442536354
0.07663729041814804
0.1721610724925995
0.07768789678812027
0.14897805452346802
0.31126171350479126
0.0672515332698822
0.07088782638311386
0.08838274329900742
0.13825562596321106
0.19453297555446625
0.15481188893318176
0.12764477729797363
0.2520396113395691
0.10383528470993042
0.09292390942573547
0.09862391650676727
0.17562274634838104
0.24436357617378235
0.2187100648880005
0.1414320170879364
0.14552092552185059
0.13956497609615326
0.10962431132793427
0.1798759549856186
0.1522218883037567
0.11035288870334625
0.15240375697612762
0.18057776987552643
0.13853824138641357
0.13597634434700012
0.07241985201835632
0.09707916527986526
0.12650440633296967
0.04471529275178909
0.13478605449199677
0.10822350531816483
0.0586252361536026
0.12052334100008011
0.0978756994009018
0.13009938597679138
0.08597001433372498
0.13409070670604706
0.06391022354364395
0.027167269960045815
0.1467157006263733
0.07094112783670425
0.1763993352651596
0.11257696896791458
0.11260106414556503
0.07694326341152191
0.17830538749694824
0.10770180076360703
0.0708141177892685
0.13093909621238708
0.14151409268379211
0.10453882068395615
0.0902552381157875
0.07144123315811157
0.05968282371759415
0.08301905542612076
0.05618118867278099
0.05651602894067764
0.12723827362060547
0.1473875790834427
0.11971612274646759
0.06668853759765625
0.27243584394454956
0.09601566940546036
0.09408307820558548
0.4248526990413666
0.12017475813627243
0.123942069709301
0.09852170199155807
0.06475445628166199
0.08896078914403915
0.08312354981899261
0.1602216511964798
0.11060617864131927
0.12935121357440948
0.13895362615585327
0.12635113298892975
0.1377270519733429
0.1189708262681961
0.1384105533361435
0.08077964931726456
0.0698951706290245
0.06120410934090614
0.10394841432571411
0.11428897082805634
0.08562455326318741
0.09269459545612335
0.08469871431589127
0.142201766371727
0.07086175680160522
0.18677334487438202
0.08533719927072525
0.1312524825334549
0.04183804616332054
0.09999648481607437
0.10870742797851562
0.07216846197843552
0.10953770577907562
0.17359155416488647
0.15192624926567078
0.12664523720741272
0.17582878470420837
0.13027134537696838
0.130930557847023
0.10986724495887756
0.07004076987504959
0.08025684952735901
0.17179249227046967
0.04450079798698425
0.1727287322282791
0.08564527332782745
0.0699334517121315
0.11133775860071182
0.034084755927324295
0.0916411355137825
0.09313363581895828
0.09421384334564209
0.10207729786634445
0.24936696887016296
0.07396320253610611
0.033651553094387054
0.16010943055152893
0.16311843693256378
0.1430450677871704
0.17595599591732025
0.14253199100494385
0.047757841646671295
0.08512832224369049
0.06692033261060715
0.07297642529010773
0.05410114675760269
0.15754438936710358
0.09006263315677643
0.09464997053146362
0.10602129250764847
0.15766073763370514
0.09513340145349503
0.07457235455513
0.10290009528398514
0.11855661123991013
0.1046137735247612
0.1951022446155548
0.0721728652715683
0.2549518942832947
0.10955816507339478
0.187311589717865
0.11736944317817688
0.14986377954483032
0.11000394821166992
0.15932831168174744
0.10273006558418274
0.11948873847723007
0.19457495212554932
0.0575321801006794
0.11181492358446121
0.05383739992976189
0.18990390002727509
0.0825338214635849
0.18160685896873474
0.12376879155635834
0.09303876012563705
0.14879536628723145
0.08303902298212051
0.12203621119260788
0.14495950937271118
0.10524068027734756
0.15368589758872986
0.15377800166606903
0.09057116508483887
0.08978719264268875
0.008342466317117214
0.09772703796625137
0.13968193531036377
0.14704585075378418
0.059422191232442856
0.04403232783079147
0.08822984248399734
0.06805624067783356
0.10608230531215668
0.13348299264907837
0.03372935950756073
0.13186800479888916
0.2222396582365036
0.18797142803668976
0.06255107372999191
0.0426732562482357
0.06925852596759796
0.08104388415813446
0.1124456524848938
0.14975838363170624
0.16484180092811584
0.1066027507185936
0.032186590135097504
0.14256037771701813
0.09211354702711105
0.08707156032323837
0.03516253083944321
0.09827662259340286
0.42753785848617554
0.06479797512292862
0.06640589237213135
0.2551738917827606
0.07750329375267029
0.13561271131038666
0.0938112884759903
0.09298979490995407
0.10389416664838791
0.1243688240647316
0.12142030149698257
0.1128983274102211
0.11721763014793396
0.10086371749639511
0.11239968240261078
0.12070047110319138
0.1300669014453888
0.14612211287021637
0.05288532003760338
0.18462367355823517
0.09340063482522964
0.02500619739294052
0.1772346943616867
0.05603395774960518
0.12855985760688782
0.20040640234947205
0.15659908950328827
0.09191489964723587
0.13304969668388367
0.06955084204673767
0.08417870849370956
0.1559240221977234
0.06302765756845474
0.10114758461713791
0.1372184157371521
0.11236453056335449
0.08965566754341125
0.11875826865434647
0.15237437188625336
0.12451602518558502
0.12507407367229462
0.022002076730132103
0.10271521657705307
0.05076355114579201
0.049780696630477905
0.16094595193862915
0.009718076325953007
0.062430690973997116
0.060893066227436066
0.1343422383069992
0.03272691369056702
0.06494367122650146
0.17397557199001312
0.16492484509944916
0.09330200403928757
0.10452556610107422
0.10846440494060516
0.15896762907505035
0.05987640842795372
0.071165531873703
0.06728910654783249
0.0994795486330986
0.12241385877132416
0.16128402948379517
0.11833569407463074
0.11275261640548706
0.13531696796417236
0.09361270070075989
0.1258208304643631
0.20507891476154327
0.0732341930270195
0.08248831331729889
0.06567099690437317
0.14116935431957245
0.12093184888362885
0.07005500048398972
0.13428232073783875
0.07949215173721313
0.11791330575942993
0.09789793193340302
0.12618272006511688
0.18002285063266754
0.109751395881176
0.11625248938798904
0.08079210668802261
0.21404336392879486
0.17277248203754425
0.04471834748983383
0.10224705934524536
0.058820754289627075
0.054842136800289154
0.14475874602794647
0.11145509779453278
0.10044670850038528
0.1195225715637207
0.07382386177778244
0.07152558118104935
0.11513225734233856
0.13804420828819275
0.15342840552330017
0.1710069328546524
0.0991167351603508
0.12570543587207794
0.06243836507201195
0.06629753112792969
0.10165604203939438
0.13151884078979492
0.04287007451057434
0.11016812175512314
0.14732742309570312
0.1842486411333084
0.0885678082704544
0.207188680768013
0.1607823222875595
0.10360600799322128
0.12370600551366806
0.08952917158603668
0.06584236025810242
0.08896952122449875
0.11993489414453506
0.0701410174369812
0.10324636101722717
0.13828891515731812
0.13118603825569153
0.1604747623205185
0.1495814323425293
0.1499851495027542
0.13974979519844055
0.105448417365551
0.12340044230222702
0.07377982139587402
0.10729968547821045
0.1317668855190277
0.13396047055721283
0.08557040244340897
0.12477307766675949
0.137483149766922
0.0961887314915657
0.09494155645370483
0.1488702893257141
0.1648847907781601
0.12439745664596558
0.10028830170631409
0.07143408060073853
0.07867704331874847
0.09132309257984161
0.2162398248910904
0.15396928787231445
0.10880324989557266
0.12621699273586273
0.155920147895813
0.09238719940185547
0.08617635816335678
0.07673686742782593
0.12303829193115234
0.12101155519485474
0.22184768319129944
0.10805155336856842
0.062197308987379074
0.2053409069776535
0.23148195445537567
0.033608488738536835
0.1007411777973175
0.1436319202184677
0.11430881917476654
0.12452315539121628
0.04241957142949104
0.11040370166301727
0.090705506503582
0.16023193299770355
0.11610289663076401
0.10631054639816284
0.1273343712091446
0.10965247452259064
0.18176619708538055
0.14496250450611115
0.14410658180713654
0.18475311994552612
0.09159048646688461
0.12562350928783417
0.13093997538089752
0.17038601636886597
0.30162960290908813
0.1497752070426941
0.08294785022735596
0.09181360900402069
0.06911364942789078
0.09010478109121323
0.10555939376354218
0.15230309963226318
0.09426948428153992
0.09853827208280563
0.1672086864709854
0.14093470573425293
0.1476622074842453
0.1388481706380844
0.07126549631357193
0.17679020762443542
0.014596146531403065
0.09494268894195557
0.15802429616451263
0.12541919946670532
0.10870736837387085
0.05971428379416466
0.09202855080366135
0.13185518980026245
0.062195077538490295
0.06033378094434738
0.15912280976772308
0.18173064291477203
0.15025070309638977
0.05859539657831192
0.07457713782787323
0.11274807155132294
0.1578201949596405
0.0877489447593689
0.13887983560562134
0.09604265540838242
0.06063813716173172
0.12907782196998596
0.08958745002746582
0.12857277691364288
0.21280400454998016
0.0855269804596901
0.1455536037683487
0.04750568047165871
0.17305772006511688
0.14585326611995697
0.10683567821979523
0.08510956913232803
0.12130264192819595
0.12488105148077011
0.12807287275791168
0.09963550418615341
0.22466640174388885
0.101399727165699
0.1890309453010559
0.07398422807455063
0.08840295672416687
0.026362938806414604
0.11501753330230713
0.0651056170463562
0.14193077385425568
0.08344186842441559
0.12418510764837265
0.0830814391374588
0.23888476192951202
0.19851836562156677
0.14378736913204193
0.12210679054260254
0.06585852801799774
0.0938132256269455
0.18737690150737762
0.09141827374696732
0.053352996706962585
0.1419481337070465
0.15310829877853394
0.19438818097114563
0.10345152020454407
0.05414770916104317
0.1074013039469719
0.08595947921276093
0.13686718046665192
0.08607593923807144
0.08168986439704895
0.07371272891759872
0.07541165500879288
0.06646943092346191
0.1400667428970337
0.2528517544269562
0.0681302547454834
0.1540391892194748
0.15718132257461548
0.094990074634552
0.08447214961051941
0.28085941076278687
0.22968459129333496
0.063378244638443
0.11026878654956818
0.15933993458747864
0.07934343814849854
0.07001511752605438
0.09557581692934036
0.06366952508687973
0.098237544298172
0.09523633867502213
0.0496148020029068
0.13834747672080994
0.06304973363876343
0.02794691175222397
0.10732664167881012
0.10700428485870361
0.08453449606895447
0.11546450853347778
0.09813819825649261
0.07027969509363174
0.10606186836957932
0.08344675600528717
0.033617887645959854
0.09380418062210083
0.16600939631462097
0.21920353174209595
0.11190130561590195
0.03920862078666687
0.1145351454615593
0.12340422719717026
0.12605223059654236
0.132008358836174
0.05136202648282051
0.10622505843639374
0.1499665528535843
0.10097087174654007
0.04508505016565323
0.1035451889038086
0.06776542961597443
0.0609004944562912
0.0838179811835289
0.06698297709226608
0.10292647033929825
0.07917595654726028
0.14836934208869934
0.12354650348424911
0.10901256650686264
0.12168197333812714
0.2069430649280548
0.03749682381749153
0.21212288737297058
0.27276626229286194
0.07815676182508469
0.08554497361183167
0.07265035808086395
0.11652398854494095
0.11076942831277847
0.11258456856012344
0.07498565316200256
0.11707893013954163
0.10894797742366791
0.15240217745304108
0.13845884799957275
0.0715823620557785
0.15347827970981598
0.06580939143896103
0.09903587400913239
0.08365774154663086
0.20013895630836487
0.13483725488185883
0.2504071593284607
0.11512001603841782
0.12548264861106873
0.12246949225664139
0.060420483350753784
0.1366029530763626
0.19940195977687836
0.07101751118898392
0.08337011933326721
0.14552274346351624
0.14048846065998077
0.12138565629720688
0.08112867921590805
0.07146286964416504
0.13630850613117218
0.12584242224693298
0.138931542634964
0.19770337641239166
0.08632125705480576
0.07247205078601837
0.1479754000902176
0.12737059593200684
0.07712718844413757
0.07681085914373398
0.13191178441047668
0.12444107979536057
0.11212137341499329
0.05683768913149834
0.13389669358730316
0.10051454603672028
0.15666088461875916
0.07906829565763474
0.08814750611782074
0.10109107941389084
0.0667450875043869
0.12904565036296844
0.10154993832111359
0.05875077098608017
0.09130367636680603
0.17809876799583435
0.12163343280553818
0.12314359843730927
0.14967381954193115
0.07727203518152237
0.055789314210414886
0.13750438392162323
0.11626522243022919
0.18660901486873627
0.22245238721370697
0.09355929493904114
0.0879259929060936
0.16099919378757477
0.12368480861186981
0.13063716888427734
0.25251293182373047
0.2054683268070221
0.10876256227493286
0.16988903284072876
0.1364487260580063
0.1297304481267929
0.2128625363111496
0.1766415238380432
0.09400570392608643
0.14486166834831238
0.11155181378126144
0.08586747944355011
0.08430886268615723
0.08100542426109314
0.10022267699241638
0.10968607664108276
0.133510023355484
0.0955580472946167
0.09971082955598831
0.06844111531972885
0.26567745208740234
0.08785776048898697
0.20398885011672974
0.21441328525543213
0.055117543786764145
0.07012956589460373
0.1144399344921112
0.06927917152643204
0.12393724918365479
0.0833236575126648
0.11274027824401855
0.0558025985956192
0.048511017113924026
0.09282096475362778
0.10236524045467377
0.08206743001937866
0.09305417537689209
0.047144848853349686
0.17849142849445343
0.09861830621957779
0.14233796298503876
0.10120649635791779
0.17688675224781036
0.09751856327056885
0.18216539919376373
0.06808324158191681
0.17646290361881256
0.11584645509719849
0.13851626217365265
0.10583724081516266
0.1230478286743164
0.12906253337860107
0.1360735446214676
0.062104757875204086
0.1643524169921875
0.06211245805025101
0.12080080807209015
0.17637236416339874
0.21294660866260529
0.13579261302947998
0.0951080322265625
0.04356389865279198
0.22542870044708252
0.1798361837863922
0.1465902179479599
0.26086392998695374
0.15272893011569977
0.10914608091115952
0.13962890207767487
0.10233895480632782
0.12004449218511581
0.11335102468729019
0.11957210302352905
0.1419392079114914
0.06970619410276413
0.1343015730381012
0.1203499436378479
0.1500597447156906
0.06816565990447998
0.08380565792322159
0.11663797497749329
0.10471522808074951
0.16407960653305054
0.13018657267093658
0.1594625860452652
0.139347106218338
0.11126947402954102
0.13217175006866455
0.1043383851647377
0.1233338713645935
0.06370970606803894
0.05532665178179741
0.1226358488202095
0.04960388317704201
0.18322403728961945
0.17177274823188782
0.09429968148469925
0.15388813614845276
0.09229133278131485
0.10601679980754852
0.14146722853183746
0.043798428028821945
0.1166919469833374
0.12303688377141953
0.13306277990341187
0.075047068297863
0.07299793511629105
0.09786224365234375
0.019020456820726395
0.06768086552619934
0.11212780326604843
0.1351364552974701
0.07598292082548141
0.2042388767004013
0.09805728495121002
0.1407257467508316
0.0381501242518425
0.21487422287464142
0.0963623970746994
0.0931815505027771
0.10554976761341095
0.09935059398412704
0.0687619298696518
0.13995398581027985
0.07548526674509048
0.089298777282238
0.22198927402496338
0.09454964846372604
0.29232507944107056
0.09230941534042358
0.06593090295791626
0.07702217251062393
0.13760165870189667
0.09136246889829636
0.06591696292161942
0.14068174362182617
0.08888228237628937
0.14833223819732666
0.20344409346580505
0.038176532834768295
0.2003198266029358
0.12405283004045486
0.10771515965461731
0.1123420000076294
0.033879153430461884
0.2062363475561142
0.1408482939004898
0.07579633593559265
0.09725159406661987
0.08664444088935852
0.07570239901542664
0.08402291685342789
0.10360991954803467
0.08587872982025146
0.08325745910406113
0.08889835327863693
0.16086171567440033
0.10183364897966385
0.07401040196418762
0.0928296148777008
0.09015927463769913
0.13967089354991913
0.10500724613666534
0.23331764340400696
0.10484032332897186
0.11586322635412216
0.13024888932704926
0.07349778711795807
0.228959858417511
0.08287879079580307
0.13886724412441254
0.11585742235183716
0.06811022758483887
0.08056190609931946
0.11522440612316132
0.14045782387256622
0.14576126635074615
0.10907020419836044
0.09757176041603088
0.0627279207110405
0.12148347496986389
0.20610639452934265
0.10854706913232803
0.07574330270290375
0.09086372703313828
0.15478338301181793
0.2544139325618744
0.09021195024251938
0.10095153003931046
0.0806572213768959
0.2426445186138153
0.12037551403045654
0.12499085813760757
0.0375426784157753
0.08443586528301239
0.15368278324604034
0.06086349859833717
0.10999366641044617
0.14727945625782013
0.09767995774745941
0.1276114583015442
0.07882986217737198
0.046912286430597305
0.03298908844590187
0.0832253247499466
0.11020053178071976
0.11535195261240005
0.1494835764169693
0.08906297385692596
0.10628417879343033
0.17295055091381073
0.12920120358467102
0.0836697518825531
0.03246002271771431
0.16914162039756775
0.1049618050456047
0.12920032441616058
0.1358443945646286
0.13032197952270508
0.039669789373874664
0.06514166295528412
0.1542252004146576
0.13557127118110657
0.05905294418334961
0.19771575927734375
0.07692457735538483
0.13890758156776428
0.03019287809729576
0.1477641463279724
0.03603091090917587
0.09400875121355057
0.0802794098854065
0.0890541598200798
0.18203747272491455
0.2781676650047302
0.11055920273065567
0.1717580407857895
0.11268798261880875
0.1355031132698059
0.08231323212385178
0.10938334465026855
0.06749030947685242
0.11007280647754669
0.16719591617584229
0.0919816717505455
0.10242228209972382
0.17271167039871216
0.16872332990169525
0.07636413723230362
0.09721466898918152
0.1288926899433136
0.11141316592693329
0.0914209857583046
0.09741994738578796
0.261117160320282
0.05443838611245155
0.05687655508518219
0.06428425759077072
0.15436094999313354
0.10181846469640732
0.13401243090629578
0.07279381901025772
0.10552193969488144
0.10721476376056671
0.14500927925109863
0.07590457051992416
0.05596378073096275
0.17962077260017395
0.1307462751865387
0.09969235956668854
0.1523437350988388
0.12774424254894257
0.13870097696781158
0.08059331774711609
0.16130222380161285
0.17534466087818146
0.12481099367141724
0.10737325251102448
0.17146477103233337
0.09349298477172852
0.09175451099872589
0.14251595735549927
0.11590496450662613
0.050361327826976776
0.11605805158615112
0.0668087899684906
0.06741376966238022
0.12238152325153351
0.1374901682138443
0.14056611061096191
0.08314760774374008
0.09468038380146027
0.10831419378519058
0.09192351996898651
0.10076653957366943
0.10926993191242218
0.0932781770825386
0.08511403948068619
0.12822698056697845
0.07611558586359024
0.03615095466375351
0.11708639562129974
0.24439890682697296
0.22369498014450073
0.03977308049798012
0.09315111488103867
0.061977140605449677
0.07416311651468277
0.12186983972787857
0.12585704028606415
0.08554393798112869
0.09072229266166687
0.14034418761730194
0.0589841865003109
0.12567640841007233
0.08273463696241379
0.048085980117321014
0.055785566568374634
0.17460137605667114
0.0686451643705368
0.18753480911254883
0.06844957917928696
0.07215185463428497
0.09668337553739548
0.12593239545822144
0.11925290524959564
0.14437995851039886
0.10301748663187027
0.0877636969089508
0.06710032373666763
0.13188156485557556
0.19993753731250763
0.1688549965620041
0.1393423080444336
0.14221902191638947
0.07370277494192123
0.04676423221826553
0.13950558006763458
0.13276873528957367
0.09924732148647308
0.16933634877204895
0.0665995255112648
0.12776435911655426
0.09469607472419739
0.058884214609861374
0.18609550595283508
0.09059179574251175
0.10907837748527527
0.06960544735193253
0.055945415049791336
0.056714147329330444
0.10319319367408752
0.08776026219129562
0.12643827497959137
0.1618323177099228
0.15096500515937805
0.05137176439166069
0.07421068102121353
0.16292937099933624
0.07060053944587708
0.07975161075592041
0.12403661012649536
0.10667312145233154
0.06552090495824814
0.0866173654794693
0.35525259375572205
0.08382266759872437
0.07836414128541946
0.05429906025528908
0.1399332582950592
0.07490736246109009
0.11186105012893677
0.15212218463420868
0.13259276747703552
0.09316707402467728
0.13444355130195618
0.1122373417019844
0.08275359123945236
0.03276875987648964
0.1467684805393219
0.09342601895332336
0.14644278585910797
0.11545932292938232
0.11268125474452972
0.11777529865503311
0.23020511865615845
0.08912400156259537
0.07761257886886597
0.13297852873802185
0.14674589037895203
0.14458292722702026
0.10945487022399902
0.2263711392879486
0.09667892754077911
0.08863810449838638
0.09760421514511108
0.14609204232692719
0.10111508518457413
0.09356213361024857
0.12540708482265472
0.11880151182413101
0.06645896285772324
0.09565469622612
0.1834232211112976
0.05344847962260246
0.23668242990970612
0.15766912698745728
0.13309940695762634
0.15867659449577332
0.15664994716644287
0.09351720660924911
0.10212679952383041
0.09881298989057541
0.11705715954303741
0.041669558733701706
0.1532977819442749
0.06531530618667603
0.07580486685037613
0.1434771865606308
0.08049797266721725
0.08490371704101562
0.06056015193462372
0.06903918087482452
0.12594164907932281
0.16435562074184418
0.053240351378917694
0.11601173877716064
0.1330847442150116
0.06498255580663681
0.07236970216035843
0.1159648522734642
0.09720420837402344
0.06585860252380371
0.0967738926410675
0.10266446322202682
0.18081149458885193
0.06899469345808029
0.32635217905044556
0.17728213965892792
0.1316647231578827
0.19440880417823792
0.016568081453442574
0.08287367224693298
0.1854940950870514
0.1353696584701538
0.10400068014860153
0.05952702835202217
0.11094410717487335
0.09518446773290634
0.12990711629390717
0.08917974680662155
0.09145830571651459
0.17340724170207977
0.1551842987537384
0.1012244001030922
0.07587020844221115
0.2524532079696655
0.05391228571534157
0.10083463788032532
0.07547961175441742
0.10368011146783829
0.13577929139137268
0.0927828699350357
0.1323583424091339
0.1119203120470047
0.14667974412441254
0.13933062553405762
0.08837181329727173
0.1314011514186859
0.11233577132225037
0.11861764639616013
0.06888235360383987
0.07533396035432816
0.1446918547153473
0.10638411343097687
0.09663974493741989
0.19070088863372803
0.08250598609447479
0.08851815015077591
0.08622857183218002
0.14295056462287903
0.10107362270355225
0.1432417780160904
0.12830869853496552
0.08622056245803833
0.12568125128746033
0.11585462838411331
0.07830466330051422
0.10024486482143402
0.1013234481215477
0.12428697198629379
0.06706894934177399
0.031678806990385056
0.10871760547161102
0.036180321127176285
0.10867920517921448
0.18388091027736664
0.08632143586874008
0.10684705525636673
0.12396149337291718
0.0491933673620224
0.11345314979553223
0.06850937008857727
0.1701740175485611
0.12842436134815216
0.155182883143425
0.04222479462623596
0.2089681476354599
0.12154397368431091
0.11776076257228851
0.11680799722671509
0.09741343557834625
0.022736044600605965
0.11175090074539185
0.10504777729511261
0.05975548177957535
0.12181193381547928
0.12029295414686203
0.11665716022253036
0.08897856622934341
0.10987348109483719
0.0772128701210022
0.036704156547784805
0.10545415431261063
0.11800815910100937
0.06068830564618111
0.07222624868154526
0.14810599386692047
0.055338721722364426
0.08849312365055084
0.06391531974077225
0.0953720435500145
0.06701943278312683
0.1589270532131195
0.051503729075193405
0.03816317766904831
0.10379773378372192
0.06820263713598251
0.06502197682857513
0.20121470093727112
0.1098589077591896
0.11032275855541229
0.07185747474431992
0.12880423665046692
0.19015465676784515
0.11515305191278458
0.08496606349945068
0.07050686329603195
0.09860284626483917
0.06310249865055084
0.04725217819213867
0.06717883050441742
0.1595815122127533
0.2827283442020416
0.07407773286104202
0.05438163876533508
0.059275317937135696
0.11139687895774841
0.07376699894666672
0.11380103975534439
0.09670764952898026
0.12962298095226288
0.14541339874267578
0.13071587681770325
0.08811015635728836
0.0830744132399559
0.0868396908044815
0.103566013276577
0.1510186791419983
0.10973390191793442
0.06541897356510162
0.1563422679901123
0.031887900084257126
0.12531501054763794
0.1081421822309494
0.11707546561956406
0.08607804030179977
0.06991252303123474
0.08353374898433685
0.06730460375547409
0.1436978578567505
0.097971111536026
0.11909274756908417
0.01668708026409149
0.11487346887588501
0.14857468008995056
0.10130670666694641
0.15747040510177612
0.043407149612903595
0.1434105783700943
0.09414857625961304
0.07284139096736908
0.23757214844226837
0.03508308529853821
0.11651290208101273
0.13374599814414978
0.1504288762807846
0.11374365538358688
0.03833689168095589
0.09277084469795227
0.11304403096437454
0.11090239137411118
0.072456493973732
0.09436304122209549
0.21235966682434082
0.10112978518009186
0.04102189838886261
0.041422076523303986
0.1522061973810196
0.10427187383174896
0.1837490200996399
0.07390441745519638
0.14700999855995178
0.09762359410524368
0.15548396110534668
0.07752875238656998
0.10260140150785446
0.08856223523616791
0.20030322670936584
0.1703074425458908
0.07533097267150879
0.07304378598928452
0.05873901769518852
0.0973362922668457
0.041407261043787
0.1181153729557991
0.1362002044916153
0.082793228328228
0.16068243980407715
0.05513646826148033
0.059111472219228745
0.14614324271678925
0.0625128373503685
0.1235371083021164
0.11484235525131226
0.14822158217430115
0.18432357907295227
0.11615969240665436
0.08519665151834488
0.12248096615076065
0.12190664559602737
0.11882960796356201
0.06495926529169083
0.1652856171131134
0.07492730021476746
0.20973995327949524
0.12334641814231873
0.11844807863235474
0.12549220025539398
0.06989312171936035
0.15539146959781647
0.07515213638544083
0.11006132513284683
0.16878892481327057
0.11637359857559204
0.062364622950553894
0.06951861083507538
0.20282253623008728
0.10162077099084854
0.12736515700817108
0.09472019970417023
0.05813932791352272
0.09824666380882263
0.10304664075374603
0.10552215576171875
0.061933502554893494
0.08570701628923416
0.06818465888500214
0.15757034718990326
0.0737413838505745
0.09828528016805649
0.13178247213363647
0.0793621689081192
0.10362513363361359
0.053309258073568344
0.07345904409885406
0.13372616469860077
0.09224802255630493
0.13668066263198853
0.09341759234666824
0.11734774708747864
0.059089504182338715
0.09169061481952667
0.08565522730350494
0.08860809355974197
0.11120641976594925
0.07765165716409683
0.07857277244329453
0.12718336284160614
0.07025227695703506
0.08967489004135132
0.12807512283325195
0.13312853872776031
0.07624752819538116
0.1253296583890915
0.09143566340208054
0.07983633875846863
0.11650048196315765
0.08084956556558609
0.1640290766954422
0.0571308359503746
0.08273496478796005
0.06060251221060753
0.030423883348703384
0.11216559261083603
0.05735606700181961
0.3158438801765442
0.07294478267431259
0.14033398032188416
0.03797362372279167
0.12736284732818604
0.10521361231803894
0.05992506071925163
0.08747728914022446
0.09153315424919128
0.1932702362537384
0.18158353865146637
0.06302116811275482
0.08627007901668549
0.08315541595220566
0.21244631707668304
0.1048312559723854
0.11221945285797119
0.13066521286964417
0.06822407245635986
0.0629897266626358
0.07362526655197144
0.10518951714038849
0.052524954080581665
0.11804496496915817
0.14309844374656677
0.12083219736814499
0.11977264285087585
0.08192434906959534
0.16901060938835144
0.13439543545246124
0.13590653240680695
0.11960190534591675
0.0875941812992096
0.05007444694638252
0.1374930888414383
0.03993312269449234
0.14155155420303345
0.22373025119304657
0.13150382041931152
0.07635261118412018
0.07306654006242752
0.1372978538274765
0.04728616774082184
0.3103201389312744
0.11608953028917313
0.04933089017868042
0.06031559407711029
0.09627122431993484
0.09911371767520905
0.1468190848827362
0.09103650599718094
0.08930899202823639
0.13634027540683746
0.10721972584724426
0.05550331249833107
0.13773459196090698
0.18084755539894104
0.266636461019516
0.10116373002529144
0.17825938761234283
0.06741292774677277
0.19094215333461761
0.11215122044086456
0.12919245660305023
0.06526317447423935
0.1330687254667282
0.08483738452196121
0.04143872484564781
0.07921350002288818
0.09000685811042786
0.07921010255813599
0.0784849226474762
0.13240700960159302
0.07568366080522537
0.07796809077262878
0.10829181969165802
0.07614078372716904
0.12410915642976761
0.06845463812351227
0.11823054403066635
0.11916408687829971
0.15404607355594635
0.11264876276254654
0.07916367053985596
0.10821247100830078
0.055007580667734146
0.1915532946586609
0.1576191484928131
0.0986781194806099
0.06470203399658203
0.09794743359088898
0.16144180297851562
0.2260812222957611
0.1426258087158203
0.11344819515943527
0.08798225969076157
0.08347257226705551
0.16472770273685455
0.09634726494550705
0.19889092445373535
0.22147436439990997
0.12920941412448883
0.05903493985533714
0.13622741401195526
0.08354196697473526
0.20210938155651093
0.3038158416748047
0.14599952101707458
0.18954627215862274
0.19629815220832825
0.09540444612503052
0.07964213192462921
0.033076170831918716
0.17396901547908783
0.19447124004364014
0.10748370736837387
0.1286073923110962
0.01574055664241314
0.13283002376556396
0.3831852674484253
0.1223173588514328
0.1182786300778389
0.16345840692520142
0.058073319494724274
0.18162405490875244
0.17129872739315033
0.10294865816831589
0.23026829957962036
0.11600471287965775
0.08546485751867294
0.13250771164894104
0.18459388613700867
0.06498026847839355
0.11937176436185837
0.03709262236952782
0.13370193541049957
0.1370600461959839
0.16998015344142914
0.11427653580904007
0.10990188270807266
0.16876766085624695
0.12708786129951477
0.12636850774288177
0.19029641151428223
0.105507493019104
0.06972033530473709
0.11027967184782028
0.07334719598293304
0.08266469836235046
0.10086175799369812
0.1655069887638092
0.08508776873350143
0.15760983526706696
0.08057481050491333
0.004855698440223932
0.09031768143177032
0.09649644792079926
0.11184053122997284
0.1494952291250229
0.08309272676706314
0.05698992311954498
0.17101876437664032
0.1523115485906601
0.0720323696732521
0.1618756204843521
0.09591098874807358
0.11135195940732956
0.08539454638957977
0.13230328261852264
0.17426884174346924
0.2502802610397339
0.1330159306526184
0.06251252442598343
0.08429860323667526
0.15482699871063232
0.12539279460906982
0.10616900771856308
0.1644003838300705
0.08886267989873886
0.0670979917049408
0.09158730506896973
0.08725196123123169
0.10365866869688034
0.09414972364902496
0.06529751420021057
0.07066770642995834
0.07036321610212326
0.14722880721092224
0.10710129141807556
0.07578234374523163
0.03901826962828636
0.12611675262451172
0.07029998302459717
0.14886678755283356
0.18313269317150116
0.06962502002716064
0.12987466156482697
0.18922802805900574
0.2851608991622925
0.06473802030086517
0.07129710167646408
0.17566615343093872
0.2140408456325531
0.11971185356378555
0.13055390119552612
0.09582653641700745
0.11102337390184402
0.12870463728904724
0.10027392208576202
0.13762694597244263
0.22849901020526886
0.11475155502557755
0.1426815539598465
0.09049225598573685
0.030194232240319252
0.16174761950969696
0.03746006265282631
0.09295135736465454
0.04564408212900162
0.11871889978647232
0.045159269124269485
0.11258362233638763
0.3232590854167938
0.14277975261211395
0.04951959848403931
0.15365812182426453
0.0528547465801239
0.12117990106344223
0.12884289026260376
0.06816590577363968
0.09446873515844345
0.2741483449935913
0.08873660117387772
0.17148345708847046
0.11404464393854141
0.10605403035879135
0.09177004545927048
0.09012509882450104
0.23868393898010254
0.025901904329657555
0.14404846727848053
0.080085389316082
0.06304720044136047
0.07642339169979095
0.11927004903554916
0.14146047830581665
0.17662084102630615
0.10683153569698334
0.12507623434066772
0.20209771394729614
0.134889155626297
0.16468445956707
0.05512310937047005
0.060886189341545105
0.14751587808132172
0.1518949270248413
0.10419367253780365
0.09718451648950577
0.06339383125305176
0.13475792109966278
0.07747872173786163
0.06380595266819
0.1135176420211792
0.08157306909561157
0.11657627671957016
0.2493370920419693
0.09859123826026917
0.1357395201921463
0.08400742709636688
0.15149690210819244
0.07867390662431717
0.03941500931978226
0.06589239090681076
0.09207368642091751
0.11809173971414566
0.051057931035757065
0.02858278900384903
0.14770299196243286
0.12469102442264557
0.07067351788282394
0.059127405285835266
0.09253762662410736
0.08209992200136185
0.12975575029850006
0.07837062329053879
0.12244103103876114
0.11869977414608002
0.04714241623878479
0.14936603605747223
0.1565432846546173
0.09501933306455612
0.11531462520360947
0.08238951861858368
0.12521597743034363
0.09131591022014618
0.08726432919502258
0.07620086520910263
0.09626598656177521
0.09676487743854523
0.14382724463939667
0.15872055292129517
0.0770723894238472
0.0969432145357132
0.06814992427825928
0.13192161917686462
0.13922159373760223
0.08575890958309174
0.06122018024325371
0.13394197821617126
0.11407342553138733
0.09093691408634186
0.09739366918802261
0.1279563158750534
0.07440602779388428
0.14215359091758728
0.24079284071922302
0.05812913179397583
0.0630691796541214
0.07197190076112747
0.10877952724695206
0.11598733812570572
0.06975097954273224
0.18859601020812988
0.21759314835071564
0.11586859822273254
0.07009023427963257
0.11540526151657104
0.09272630512714386
0.09878913313150406
0.11056108772754669
0.0710575208067894
0.11696844547986984
0.07958909124135971
0.12122716754674911
0.09016213566064835
0.11463893949985504
0.20472241938114166
0.08136209845542908
0.0833241268992424
0.11642031371593475
0.10619539767503738
0.10694532841444016
0.1309572458267212
0.06492630392313004
0.09806588292121887
0.06255566328763962
0.28767281770706177
0.10219267755746841
0.10430259257555008
0.17551901936531067
0.09196510910987854
0.09678281843662262
0.14732950925827026
0.0856344997882843
0.07872216403484344
0.16534575819969177
0.042612913995981216
0.07569094002246857
0.09941912442445755
0.09270001202821732
0.15796992182731628
0.11407231539487839
0.11099374294281006
0.0721331238746643
0.11404512822628021
0.12569871544837952
0.040855396538972855
0.05278535559773445
0.08147876709699631
0.12676849961280823
0.07737676799297333
0.0771937370300293
0.08196199685335159
0.0919324979186058
0.06822346150875092
0.13914750516414642
0.452445387840271
0.11835047602653503
0.0622636117041111
0.08212960511445999
0.11188963800668716
0.20138238370418549
0.10168339312076569
0.10621700435876846
0.15861666202545166
0.10839956253767014
0.15562763810157776
0.0758104994893074
0.1938091367483139
0.05342049151659012
0.06313701719045639
0.1141364723443985
0.10849209129810333
0.04216478392481804
0.09527389705181122
0.16678684949874878
0.14505626261234283
0.07998838275671005
0.17834140360355377
0.03559917211532593
0.1751297116279602
0.20397993922233582
0.16878622770309448
0.13932204246520996
0.1341182291507721
0.024637389928102493
0.14700880646705627
0.29730767011642456
0.03245946019887924
0.1503995656967163
0.07427223026752472
0.14525428414344788
0.12306302785873413
0.22193855047225952
0.1282023787498474
0.1409396231174469
0.20943999290466309
0.15592283010482788
0.11923378705978394
0.12731494009494781
0.21821407973766327
0.14920227229595184
0.0913817510008812
0.08709985762834549
0.17232879996299744
0.11626004427671432
0.23292364180088043
0.06714238971471786
0.367990642786026
0.12020228058099747
0.12842079997062683
0.16345371305942535
0.06708797067403793
0.10816196352243423
0.14088332653045654
0.11992009729146957
0.06507859379053116
0.1075388640165329
0.15550532937049866
0.04217185825109482
0.16768641769886017
0.0891004130244255
0.2747022807598114
0.1011931449174881
0.21353299915790558
0.0829475075006485
0.09608176350593567
0.12224280834197998
0.10589586943387985
0.1612401306629181
0.11714211106300354
0.08026865869760513
0.08074896782636642
0.11067793518304825
0.13433946669101715
0.14528019726276398
0.05659538507461548
0.062058571726083755
0.1547313928604126
0.057088859379291534
0.12652045488357544
0.057485949248075485
0.04182033985853195
0.04915632680058479
0.05581580847501755
0.09952841699123383
0.1306048482656479
0.0646933987736702
0.0938134491443634
0.10733404010534286
0.16658557951450348
0.11656056344509125
0.1354639083147049
0.060563668608665466
0.14631058275699615
0.04435225948691368
0.1551043689250946
0.11007074266672134
0.15372033417224884
0.1214095950126648
0.08595822006464005
0.12137431651353836
0.123753622174263
0.12009529769420624
0.16958054900169373
0.09674365818500519
0.1219431608915329
0.12771950662136078
0.11267794668674469
0.11674882471561432
0.09281553328037262
0.09682448208332062
0.1382448524236679
0.0833907201886177
0.07494909316301346
0.1136658564209938
0.0669056847691536
0.06006342172622681
0.055599380284547806
0.07673642039299011
0.0686623752117157
0.09132099896669388
0.17702092230319977
0.1457667201757431
0.18596652150154114
0.15609292685985565
0.17023713886737823
0.057621028274297714
0.11812232434749603
0.09365225583314896
0.15691331028938293
0.10962741076946259
0.1095348596572876
0.09694011509418488
0.14964883029460907
0.18464499711990356
0.12284369021654129
0.0543963760137558
0.08952169865369797
0.1013711616396904
0.12131959199905396
0.14435222744941711
0.12428746372461319
0.07227078080177307
0.2017330676317215
0.09599076211452484
0.1800754815340042
0.08592438697814941
0.1977505087852478
0.08600315451622009
0.14955928921699524
0.08444304764270782
0.07713859528303146
0.1098315492272377
0.12147347629070282
0.1400519758462906
0.09313143044710159
0.05298629775643349
0.11783210188150406
0.1374989002943039
0.06690450757741928
0.12537413835525513
0.08279990404844284
0.14907306432724
0.11509454250335693
0.09101883322000504
0.049714792519807816
0.24706825613975525
0.1132374033331871
0.17069397866725922
0.1816965490579605
0.19089862704277039
0.05283711105585098
0.05301860347390175
0.1375458836555481
0.10659209638834
0.12327205389738083
0.05219704657793045
0.06761226058006287
0.1256694495677948
0.07651329785585403
0.21118775010108948
0.09135661274194717
0.08968964964151382
0.07239744812250137
0.10345345735549927
0.10232160240411758
0.14414413273334503
0.15700551867485046
0.07451631128787994
0.0863192230463028
0.056318722665309906
0.07932033389806747
0.11779962480068207
0.19037148356437683
0.11265111714601517
0.32395127415657043
0.0793880894780159
0.11654087156057358
0.08162999153137207
0.06733971834182739
0.10361549258232117
0.10568763315677643
0.12438904494047165
0.0754409208893776
0.04077529162168503
0.2649497091770172
0.046891942620277405
0.08905022591352463
0.11572988331317902
0.077843077480793
0.060296330600976944
0.12021700292825699
0.09098095446825027
0.07825352996587753
0.15859520435333252
0.12286698818206787
0.17750972509384155
0.10421856492757797
0.06628718227148056
0.15607620775699615
0.17519636452198029
0.15559212863445282
0.14699333906173706
0.11077383160591125
0.1300298422574997
0.18293718993663788
0.09296536445617676
0.14814184606075287
0.15769486129283905
0.08577924221754074
0.10284595936536789
0.10109594464302063
0.09483611583709717
0.12130279093980789
0.0864078551530838
0.061213988810777664
0.1401822417974472
0.10175515711307526
0.0974828451871872
0.09206853806972504
0.1674865484237671
0.0763629674911499
0.06999463587999344
0.08125612139701843
0.17510278522968292
0.136079341173172
0.08949301391839981
0.1433022916316986
0.09454108774662018
0.07869179546833038
0.09885978698730469
0.14917297661304474
0.10795418173074722
0.09059425443410873
0.05491289868950844
0.10246307402849197
0.09420020878314972
0.10260918736457825
0.09301219135522842
0.18639622628688812
0.04498080536723137
0.11400219053030014
0.12921811640262604
0.09860292822122574
0.16853882372379303
0.061662010848522186
0.014784450642764568
0.24837727844715118
0.1555730253458023
0.060755666345357895
0.1561703234910965
0.12311601638793945
0.07710354775190353
0.10957132279872894
0.13177378475666046
0.12839753925800323
0.11867523938417435
0.08049728721380234
0.08406922966241837
0.09803085774183273
0.13657720386981964
0.1912114918231964
0.12566633522510529
0.09451361000537872
0.06845724582672119
0.09552270919084549
0.14703495800495148
0.07927363365888596
0.1204637661576271
0.08556737750768661
0.203547403216362
0.05370461195707321
0.08832348138093948
0.07948663830757141
0.14836269617080688
0.08771320432424545
0.0829247236251831
0.10878689587116241
0.13789638876914978
0.09559741616249084
0.10977139323949814
0.03847236558794975
0.1059517189860344
0.07897278666496277
0.13004712760448456
0.07820513844490051
0.06775204092264175
0.1317862719297409
0.09083377569913864
0.29107755422592163
0.11070417612791061
0.04941469803452492
0.06595094501972198
0.10672646760940552
0.06629273295402527
0.07614190876483917
0.04948711395263672
0.08315927535295486
0.31179994344711304
0.10668063163757324
0.0929008424282074
0.1274603307247162
0.13158096373081207
0.054808299988508224
0.06049858406186104
0.11848863214254379
0.11887791007757187
0.11786245554685593
0.1055140569806099
0.06134244054555893
0.13888828456401825
0.09191252291202545
0.13797883689403534
0.10339029133319855
0.09298350661993027
0.12087249010801315
0.08195823431015015
0.07711557298898697
0.0726468488574028
0.07572529464960098
0.11611911654472351
0.08816658705472946
0.17566607892513275
0.1316138505935669
0.15229301154613495
0.06215571612119675
0.050190430134534836
0.12345688045024872
0.06551045179367065
0.16125820577144623
0.08469842374324799
0.08985334634780884
0.13529925048351288
0.10239840298891068
0.1185845360159874
0.10323617607355118
0.10861445218324661
0.029096629470586777
0.08091289550065994
0.08696746826171875
0.041781313717365265
0.0788150429725647
0.12609043717384338
0.10347695648670197
0.13406969606876373
0.20577479898929596
0.13905827701091766
0.31340518593788147
0.09810348600149155
0.0529463104903698
0.10701043903827667
0.12455601245164871
0.1129450649023056
0.05262815207242966
0.08690684288740158
0.05908898264169693
0.0994439646601677
0.08169787377119064
0.050067756325006485
0.1918131411075592
0.11129123717546463
0.08299863338470459
0.20972979068756104
0.08493326604366302
0.12059053778648376
0.09319416433572769
0.04301799461245537
0.2578513026237488
0.08839929848909378
0.06420598924160004
0.09134993702173233
0.1462116241455078
0.12136735022068024
0.0912543386220932
0.17144076526165009
0.0925145298242569
0.1112213134765625
0.19686420261859894
0.10497395694255829
0.07652657479047775
0.052395544946193695
0.10071185976266861
0.13491398096084595
0.1534109264612198
0.05204441025853157
0.16386760771274567
0.09058348834514618
0.06772521883249283
0.16427181661128998
0.05675605311989784
0.07771746814250946
0.06197497248649597
0.19683724641799927
0.11357641965150833
0.07946696877479553
0.07025182247161865
0.11651910096406937
0.05593874305486679
0.07613357156515121
0.14464011788368225
0.09227471798658371
0.14812174439430237
0.06431195139884949
0.08528491854667664
0.07174916565418243
0.2018827199935913
0.10960960388183594
0.1163972020149231
0.08672479540109634
0.09515337646007538
0.031123200431466103
0.11394950747489929
0.15186545252799988
0.08167334645986557
0.14698189496994019
0.07634143531322479
0.0773155614733696
0.1975705325603485
0.5799939632415771
0.0710335373878479
0.13394862413406372
0.11612829566001892
0.11828094720840454
0.16244791448116302
0.10113687068223953
0.24761630594730377
0.10960365831851959
0.10828812420368195
0.09267912060022354
0.16579578816890717
0.1259927749633789
0.13509532809257507
0.10300973057746887
0.00785862933844328
0.15288691222667694
0.2747730612754822
0.23328343033790588
0.18803651630878448
0.0923154428601265
0.14975696802139282
0.20818549394607544
0.16730669140815735
0.11996503174304962
0.0726722925901413
0.10414201766252518
0.12417937070131302
0.04442618787288666
0.15256796777248383
0.15815874934196472
0.21639543771743774
0.13059157133102417
0.06221367418766022
0.10867221653461456
0.12787829339504242
0.17037837207317352
0.1821516752243042
0.09107162058353424
0.10152211040258408
0.12579375505447388
0.08745905011892319
0.10446159541606903
0.1025567352771759
0.10647647827863693
0.017339998856186867
0.07857862114906311
0.08801998198032379
0.11907626688480377
0.098209910094738
0.14456214010715485
0.09615585207939148
0.13109205663204193
0.11083894222974777
0.13539588451385498
0.11106395721435547
0.062424030154943466
0.0828237310051918
0.07749506086111069
0.10644127428531647
0.06563396751880646
0.14915654063224792
0.07676909118890762
0.1439269483089447
0.056114304810762405
0.1099797859787941
0.054395824670791626
0.07873745262622833
0.0738367885351181
0.07380741089582443
0.029055168852210045
0.053461264818906784
0.14999599754810333
0.07075163722038269
0.07205338776111603
0.08965514600276947
0.1392545998096466
0.1311144381761551
0.08782149106264114
0.10801895707845688
0.1714169979095459
0.15269030630588531
0.1931000053882599
0.09577367454767227
0.12151917815208435
0.11707697063684464
0.09432496130466461
0.10279469192028046
0.07740817964076996
0.11052002012729645
0.05402637645602226
0.13705572485923767
0.10810218006372452
0.17459286749362946
0.0583655945956707
0.07542622089385986
0.1577972024679184
0.06741465628147125
0.09570415318012238
0.07669978588819504
0.058704011142253876
0.07628762722015381
0.06840700656175613
0.1953405737876892
0.09305550158023834
0.10125885158777237
0.15908516943454742
0.0845220535993576
0.1107521653175354
0.10588328540325165
0.08365360647439957
0.1398535668849945
0.10915309935808182
0.10868819802999496
0.1063300222158432
0.1371493637561798
0.059029437601566315
0.06029756739735603
0.08779388666152954
0.058432284742593765
0.039599135518074036
0.0774393305182457
0.09518996626138687
0.0770275816321373
0.13980498909950256
0.09323298186063766
0.04903213679790497
0.15082941949367523
0.05509886145591736
0.13931691646575928
0.10825896263122559
0.059966444969177246
0.1226404458284378
0.10738562792539597
0.10600275546312332
0.22353748977184296
0.08112876117229462
0.05410827323794365
0.046893104910850525
0.21582810580730438
0.09777064621448517
0.11764560639858246
0.1148742064833641
0.14119680225849152
0.07394488155841827
0.06622624397277832
0.16435827314853668
0.11428501456975937
0.13237139582633972
0.08144713193178177
0.04589315503835678
0.1184128001332283
0.07234961539506912
0.19157053530216217
0.10735117644071579
0.08905085176229477
0.06761527806520462
0.0627647116780281
0.12337853014469147
0.11264388263225555
0.11542939394712448
0.09501831978559494
0.07333363592624664
0.11854767799377441
0.18925389647483826
0.04728202149271965
0.09721758961677551
0.1264517456293106
0.0762965977191925
0.25897133350372314
0.1414099633693695
0.07299543917179108
0.11840985715389252
0.06153278052806854
0.23421157896518707
0.08452434092760086
0.06437940150499344
0.15477484464645386
0.10621680319309235
0.10696249455213547
0.08177550882101059
0.12665461003780365
0.153069868683815
0.09354981780052185
0.1893165558576584
0.11066630482673645
0.13749052584171295
0.05981248989701271
0.03336397930979729
0.14192989468574524
0.09492374211549759
0.08811511099338531
0.21616677939891815
0.09761834144592285
0.10569246113300323
0.11511849611997604
0.13945655524730682
0.13930359482765198
0.21834689378738403
0.03649171069264412
0.0954631119966507
0.1893901526927948
0.12057539075613022
0.09980785846710205
0.1045750230550766
0.100497305393219
0.08875929564237595
0.13012079894542694
0.0989203080534935
0.11135517805814743
0.04310661554336548
0.0496818944811821
0.03623630106449127
0.12093400955200195
0.10288884490728378
0.04783523455262184
0.1403016895055771
0.09747228026390076
0.17727626860141754
0.09206956624984741
0.08561412245035172
0.07672873139381409
0.13564905524253845
0.09017541259527206
0.0766928493976593
0.1384100764989853
0.07182617485523224
0.1858299970626831
0.14303669333457947
0.035178184509277344
0.09623204171657562
0.09635572135448456
0.1545698195695877
0.10176718980073929
0.16690990328788757
0.18658685684204102
0.11358898878097534
0.15535375475883484
0.06652561575174332
0.12627682089805603
0.05871087685227394
0.18285958468914032
0.0593811571598053
0.05856088921427727
0.17923292517662048
0.11649905145168304
0.16932938992977142
0.056179389357566833
0.03563559427857399
0.08900165557861328
0.1291954219341278
0.14580552279949188
0.07086093723773956
0.1490841507911682
0.06861859560012817
0.05448312312364578
0.06137540191411972
0.14108940958976746
0.11164041608572006
0.04797696694731712
0.022235551849007607
0.1577570140361786
0.044719673693180084
0.11865236610174179
0.10158921033143997
0.0571708120405674
0.07351160049438477
0.23538705706596375
0.0950305238366127
0.11266184598207474
0.10384740680456161
0.1118733361363411
0.12601333856582642
0.2029113471508026
0.1265648752450943
0.1254173219203949
0.12815561890602112
0.09129109233617783
0.12905339896678925
0.08565853536128998
0.14121389389038086
0.05924328789114952
0.1552826166152954
0.09640537202358246
0.04744703695178032
0.1002250537276268
0.11336611211299896
0.17235110700130463
0.10791929811239243
0.10617286711931229
0.07171498239040375
0.13461624085903168
0.11838582903146744
0.09953527897596359
0.1589045524597168
0.0906587764620781
0.060837987810373306
0.03920407220721245
0.08623272180557251
0.05162212625145912
0.1963377594947815
0.09955908358097076
0.10800521820783615
0.11426033824682236
0.09882134199142456
0.09110252559185028
0.055067602545022964
0.0553390271961689
0.13839952647686005
0.08276001363992691
0.1341698169708252
0.04294005036354065
0.15140807628631592
0.07836701720952988
0.1433531790971756
0.0883602425456047
0.10832199454307556
0.16671288013458252
0.15945564210414886
0.12313954532146454
0.10375726968050003
0.14933791756629944
0.08970065414905548
0.04387107118964195
0.07763201743364334
0.08526948094367981
0.09729728102684021
0.08150507509708405
0.10024303942918777
0.1323229968547821
0.20916077494621277
0.06082436442375183
0.12029792368412018
0.0924549326300621
0.1690434068441391
0.16943536698818207
0.0704600140452385
0.14855621755123138
0.11623367667198181
0.10302820056676865
0.06707364320755005
0.08812424540519714
0.12527242302894592
0.12298385798931122
0.12586218118667603
0.10432040691375732
0.08409539610147476
0.14401516318321228
0.07788999378681183
0.09621670097112656
0.019441917538642883
0.14059403538703918
0.17292940616607666
0.1587456613779068
0.06108475476503372
0.031248318031430244
0.0566805861890316
0.05370355397462845
0.026581095531582832
0.08073243498802185
0.04153263568878174
0.18036873638629913
0.050582803785800934
0.08974315971136093
0.10818099230527878
0.09802551567554474
0.1172962486743927
0.08824194967746735
0.07761327177286148
0.05329122021794319
0.13126398622989655
0.15403321385383606
0.10990241169929504
0.0465838760137558
0.07650468498468399
0.127032071352005
0.19979767501354218
0.18552885949611664
0.072195865213871
0.08566591143608093
0.09745989739894867
0.10144346952438354
0.1901281177997589
0.10502446442842484
0.17197582125663757
0.10484632849693298
0.25519412755966187
0.09469883888959885
0.07395398616790771
0.07824981957674026
0.054453372955322266
0.21561990678310394
0.06947607547044754
0.06916408240795135
0.07855786383152008
0.11650404334068298
0.08544325828552246
0.05382649600505829
0.15108099579811096
0.13118888437747955
0.142905130982399
0.08653400093317032
0.10261770337820053
0.12912295758724213
0.08234823495149612
0.045049283653497696
0.08432125300168991
0.09195851534605026
0.11314224451780319
0.06701355427503586
0.03541961684823036
0.04344157874584198
0.102090023458004
0.08605857938528061
0.055098727345466614
0.07347746193408966
0.10610438883304596
0.11537648737430573
0.17890743911266327
0.09550794959068298
0.18459881842136383
0.15889739990234375
0.09301978349685669
0.0711834505200386
0.13036708533763885
0.3605142831802368
0.1347973644733429
0.11232336610555649
0.0844891220331192
0.11606886237859726
0.07692840695381165
0.10547017306089401
0.1826225370168686
0.2600502371788025
0.1490519791841507
0.08530686050653458
0.1100538969039917
0.06681684404611588
0.0928792655467987
0.09246066957712173
0.07846621423959732
0.10798665136098862
0.13376998901367188
0.11809469759464264
0.061607103794813156
0.11660011112689972
0.09069754183292389
0.09384287893772125
0.11141125857830048
0.08272788673639297
0.10942699760198593
0.11008467525243759
0.10106442123651505
0.06410288065671921
0.024959037080407143
0.07483712583780289
0.08591747283935547
0.06757697463035583
0.0623931922018528
0.16106948256492615
0.13907235860824585
0.1729845404624939
0.1683041751384735
0.13077504932880402
0.15803058445453644
0.0982256531715393
0.09131450951099396
0.08636588603258133
0.16864383220672607
0.2038918286561966
0.12260016798973083
0.08694947510957718
0.06467215716838837
0.10758824646472931
0.12881527841091156
0.14081063866615295
0.14287392795085907
0.12704767286777496
0.17108504474163055
0.06168995425105095
0.04501539096236229
0.11045343428850174
0.22496303915977478
0.13411381840705872
0.1495361030101776
0.12292550504207611
0.13755182921886444
0.1415601521730423
0.11488866806030273
0.13335183262825012
0.04046235606074333
0.10263073444366455
0.11124195903539658
0.05955103412270546
0.07647383213043213
0.07028279453516006
0.09422999620437622
0.0683024674654007
0.04611798748373985
0.03260188177227974
0.1563328355550766
0.13978104293346405
0.1693309247493744
0.18091793358325958
0.09178628772497177
0.10580860823392868
0.0924992710351944
0.07920113950967789
0.18240463733673096
0.06996193528175354
0.15145495533943176
0.13453738391399384
0.06710702180862427
0.15942229330539703
0.08241230249404907
0.13403333723545074
0.2085077315568924
0.06541785597801208
0.10414320975542068
0.08318225294351578
0.07677722722291946
0.0823100209236145
0.05541438236832619
0.11584214866161346
0.1342078298330307
0.09250195324420929
0.06056651845574379
0.18287843465805054
0.0621245838701725
0.08081023395061493
0.11542386561632156
0.09013912081718445
0.12925094366073608
0.1014617532491684
0.09524605423212051
0.11338040977716446
0.09779967367649078
0.08430399000644684
0.057221632450819016
0.191289022564888
0.17532290518283844
0.12913067638874054
0.09553872793912888
0.12619666755199432
0.11867890506982803
0.1571931391954422
0.08327385783195496
0.05634868144989014
0.07215499877929688
0.04722277447581291
0.07161973416805267
0.13071611523628235
0.07036308944225311
0.1398722231388092
0.14750277996063232
0.1080256998538971
0.10802359133958817
0.09341704845428467
0.05386117473244667
0.08632715791463852
0.06595384329557419
0.09670397639274597
0.08243793994188309
0.10992736369371414
0.10775492340326309
0.0905320793390274
0.07459121942520142
0.0756848007440567
0.09660407900810242
0.07872670143842697
0.07641325891017914
0.2593063712120056
0.10472215712070465
0.03467966243624687
0.10721079260110855
0.08555371314287186
0.09218396991491318
0.06367680430412292
0.04226594790816307
0.07387682795524597
0.13285784423351288
0.17514179646968842
0.08576332032680511
0.14648282527923584
0.1410284787416458
0.17058074474334717
0.17505526542663574
0.06347230076789856
0.23480728268623352
0.08878593891859055
0.07025348395109177
0.11528455466032028
0.11713740974664688
0.15177126228809357
0.16685907542705536
0.08397363871335983
0.03775244951248169
0.11496451497077942
0.11444852501153946
0.11310277134180069
0.049132928252220154
0.09381820261478424
0.07022452354431152
0.13281702995300293
0.12329334765672684
0.10106337815523148
0.018295912072062492
0.06838817149400711
0.07797620445489883
0.14827688038349152
0.06175703555345535
0.07972413301467896
0.07833220064640045
0.10932387411594391
0.09306281805038452
0.0987764298915863
0.10479116439819336
0.08499711006879807
0.09297195822000504
0.12367819249629974
0.073488749563694
0.1650690883398056
0.07705758512020111
0.07629135251045227
0.050321314483881
0.1297122836112976
0.06451178342103958
0.03224492445588112
0.1088814064860344
0.06400787830352783
