0.8499272465705872
0.9270980358123779
0.8116928339004517
0.7758218050003052
0.5926200151443481
0.6530476808547974
0.4187687635421753
0.48991650342941284
0.32268089056015015
0.34640297293663025
0.2931467294692993
0.28502076864242554
0.24010291695594788
0.10827358067035675
0.22523510456085205
0.1783604770898819
0.18304875493049622
0.2502548098564148
0.17524248361587524
0.3457801043987274
0.21582633256912231
0.19260922074317932
0.1947072446346283
0.13974758982658386
0.1251932680606842
0.2515546977519989
0.15476959943771362
0.13021746277809143
0.06972583383321762
0.12527987360954285
0.09513355046510696
0.1395566612482071
0.22539833188056946
0.18391956388950348
0.12811940908432007
0.11045270413160324
0.11409859359264374
0.15341345965862274
0.2432878315448761
0.1241358295083046
0.2184736728668213
0.21516425907611847
0.27357083559036255
0.25320836901664734
0.17334963381290436
0.18180254101753235
0.21420712769031525
0.20329231023788452
0.1495668590068817
0.2647882103919983
0.23652051389217377
0.2067418396472931
0.20866677165031433
0.13024137914180756
0.11583920568227768
0.1826685070991516
0.2808365523815155
0.12692874670028687
0.12007541209459305
0.16868256032466888
0.19221997261047363
0.05652914196252823
0.1976105123758316
0.20267155766487122
0.1604539155960083
0.18492096662521362
0.16149196028709412
0.1425471007823944
0.1728266328573227
0.11101452261209488
0.11434376984834671
0.2184746414422989
0.1527896225452423
0.0989183709025383
0.17780275642871857
0.2166418582201004
0.1911839097738266
0.13726647198200226
0.1981888711452484
0.13703487813472748
0.13186469674110413
0.18239080905914307
0.19550836086273193
0.08796989917755127
0.06477133184671402
0.15522220730781555
0.23373976349830627
0.13538017868995667
0.15512925386428833
0.24798595905303955
0.1860182136297226
0.1839858889579773
0.18802766501903534
0.09310229122638702
0.11294493079185486
0.20879976451396942
0.16827040910720825
0.09327150881290436
0.12528197467327118
0.16048084199428558
0.10681456327438354
0.2506907284259796
0.11799110472202301
0.18127524852752686
0.1077950969338417
0.18239550292491913
0.21156610548496246
0.10805683583021164
0.1452503353357315
0.15509863197803497
0.1269073784351349
0.2106993943452835
0.11968766152858734
0.1619652658700943
0.11950138211250305
0.3236832320690155
0.3987135589122772
0.05993250384926796
0.29543301463127136
0.1935902237892151
0.19527703523635864
0.2859250605106354
0.10997340083122253
0.11194761097431183
0.05044644698500633
0.12515680491924286
0.16305416822433472
0.12743596732616425
0.30149543285369873
0.10838169604539871
0.10222988575696945
0.15978111326694489
0.12983502447605133
0.1273992359638214
0.23169003427028656
0.19612590968608856
0.26472029089927673
0.2922677993774414
0.14741449058055878
0.1595933586359024
0.13051369786262512
0.16035747528076172
0.06516282260417938
0.15164829790592194
0.14433827996253967
0.24306587874889374
0.18386349081993103
0.17502325773239136
0.17034046351909637
0.239258274435997
0.1428949236869812
0.22195111215114594
0.07188146561384201
0.2829890847206116
0.07111431658267975
0.23250365257263184
0.1832451969385147
0.22531045973300934
0.10324252396821976
0.23098589479923248
0.14805634319782257
0.2262040227651596
0.1514795571565628
0.20414170622825623
0.15875378251075745
0.20492200553417206
0.13292470574378967
0.23196440935134888
0.08711452037096024
0.13093113899230957
0.17379134893417358
0.09339430183172226
0.35188305377960205
0.17773444950580597
0.20838598906993866
0.13975124061107635
0.16535207629203796
0.12187084555625916
0.21227820217609406
0.15216055512428284
0.16592969000339508
0.2225123792886734
0.1432584524154663
0.1928243339061737
0.17148062586784363
0.11486649513244629
0.1447676122188568
0.15725374221801758
0.23859745264053345
0.2633071541786194
0.19238395988941193
0.10279835015535355
0.10434628278017044
0.14170421659946442
0.1405380815267563
0.20594190061092377
0.14645615220069885
0.15934212505817413
0.19999022781848907
0.17463846504688263
0.2093760371208191
0.06382229179143906
0.18382282555103302
0.2109268456697464
0.33639195561408997
0.22579824924468994
0.12073928862810135
0.1383417844772339
0.10134904086589813
0.08600348234176636
0.13866837322711945
0.16465884447097778
0.17611931264400482
0.13060253858566284
0.1525946855545044
0.38104718923568726
0.1657547652721405
0.15799744427204132
0.15601663291454315
0.2332097738981247
0.17966006696224213
0.04045112058520317
0.3310669958591461
0.21983882784843445
0.22943764925003052
0.31771036982536316
0.16037823259830475
0.16859614849090576
0.18346555531024933
0.11837361752986908
0.1385459154844284
0.136435404419899
0.22852610051631927
0.1467846930027008
0.19592702388763428
0.1856793314218521
0.06056288629770279
0.13359014689922333
0.15031570196151733
0.14502747356891632
0.19418862462043762
0.14178404211997986
0.08574571460485458
0.1549208015203476
0.07912939786911011
0.11063466966152191
0.12172194570302963
0.12181573361158371
0.1813068836927414
0.15026605129241943
0.14509627223014832
0.2755337059497833
0.13673003017902374
0.24002426862716675
0.08103110641241074
0.1657320261001587
0.24293728172779083
0.1653691530227661
0.10832655429840088
0.15222419798374176
0.1539137214422226
0.0916733592748642
0.14869996905326843
0.22944454848766327
0.3434031009674072
0.16311869025230408
0.13519613444805145
0.16011545062065125
0.17303629219532013
0.13526001572608948
0.11297473311424255
0.16966168582439423
0.2307949960231781
0.2889006435871124
0.17378950119018555
0.1994725912809372
0.26523733139038086
0.17349667847156525
0.11769969761371613
0.3684546947479248
0.15016543865203857
0.032212793827056885
0.1616588532924652
0.242356538772583
0.29734209179878235
0.11670694500207901
0.18073372542858124
0.16491051018238068
0.21801233291625977
0.10770709812641144
0.13389593362808228
0.21582865715026855
0.15209132432937622
0.15853427350521088
0.11750061064958572
0.06363773345947266
0.14355534315109253
0.17321686446666718
0.17695915699005127
0.13324017822742462
0.15819604694843292
0.21623468399047852
0.154013991355896
0.18347355723381042
0.26205605268478394
0.10211127996444702
0.21376094222068787
0.16358733177185059
0.11052555590867996
0.16163267195224762
0.12852954864501953
0.13310475647449493
0.14451390504837036
0.09209485352039337
0.10581529140472412
0.22024670243263245
0.21167375147342682
0.14231784641742706
0.1543283462524414
0.19107574224472046
0.15453769266605377
0.09958745539188385
0.11017798632383347
0.19807326793670654
0.15171676874160767
0.2127303183078766
0.14791074395179749
0.1243160292506218
0.19060857594013214
0.16766871511936188
0.15876752138137817
0.21419121325016022
0.11003029346466064
0.18989314138889313
0.1899312287569046
0.07361392676830292
0.14309893548488617
0.09778940677642822
0.2800324261188507
0.13538193702697754
0.23983637988567352
0.19818735122680664
0.05452088639140129
0.15834948420524597
0.10776136070489883
0.1832100749015808
0.19628089666366577
0.12450922280550003
0.23415154218673706
0.11396113783121109
0.11326421052217484
0.24581339955329895
0.1603785753250122
0.1835237741470337
0.17957496643066406
0.1743181198835373
0.17380166053771973
0.1129058375954628
0.20352672040462494
0.16759032011032104
0.21386457979679108
0.15711092948913574
0.14580988883972168
0.16332709789276123
0.16987501084804535
0.235524520277977
0.2101237177848816
0.13251936435699463
0.21058185398578644
0.16642922163009644
0.1999233514070511
0.17081671953201294
0.0658237561583519
0.2716011703014374
0.13648004829883575
0.12989340722560883
0.08812186121940613
0.13896840810775757
0.13911974430084229
0.18895146250724792
0.08447760343551636
0.11834122240543365
0.11955977976322174
0.2101692408323288
0.18022453784942627
0.18819808959960938
0.10824162513017654
0.1297936737537384
0.19924314320087433
0.1733989268541336
0.2200433909893036
0.14505523443222046
0.13903436064720154
0.1287911832332611
0.14417950809001923
0.13461029529571533
0.1715525984764099
0.17114847898483276
0.17899452149868011
0.24421732127666473
0.15532545745372772
0.16849450767040253
0.1453951895236969
0.14845110476016998
0.25257939100265503
0.1254408061504364
0.15722765028476715
0.2659570872783661
0.19286148250102997
0.21297074854373932
0.12846197187900543
0.20172756910324097
0.07459729164838791
0.09358517080545425
0.18982969224452972
0.18922260403633118
0.18943481147289276
0.14914655685424805
0.21147200465202332
0.12403837591409683
0.10691040009260178
0.16856200993061066
0.08182675391435623
0.14504151046276093
0.10864349454641342
0.18825431168079376
0.18373750150203705
0.19791385531425476
0.21678343415260315
0.16509374976158142
0.1807611882686615
0.09000252932310104
0.1938263326883316
0.18103086948394775
0.17923492193222046
0.10704586654901505
0.08572369068861008
0.16628922522068024
0.2258085161447525
0.28204238414764404
0.2063685804605484
0.13198445737361908
0.20726290345191956
0.1927502304315567
0.26097217202186584
0.13490188121795654
0.16571515798568726
0.19079670310020447
0.10584913194179535
0.12677185237407684
0.14326398074626923
0.0956677719950676
0.2016071379184723
0.17960795760154724
0.1593816876411438
0.11945924907922745
0.2100779265165329
0.2154245376586914
0.1564967781305313
0.2544240653514862
0.13224463164806366
0.1684444695711136
0.17403872311115265
0.24049663543701172
0.17907191812992096
0.1274012178182602
0.17366886138916016
0.13768194615840912
0.17429891228675842
0.17305982112884521
0.17331990599632263
0.13869141042232513
0.23856297135353088
0.14520464837551117
0.1857297569513321
0.16848120093345642
0.14233440160751343
0.231645867228508
0.04783984646201134
0.22250381112098694
0.16008609533309937
0.08159524947404861
0.10705306380987167
0.221942737698555
0.08631598204374313
0.09921471029520035
0.22041310369968414
0.15950490534305573
0.04174139350652695
0.16745984554290771
0.19584493339061737
0.11664082854986191
0.15278203785419464
0.21550074219703674
0.1592872440814972
0.24368898570537567
0.15445378422737122
0.11096394807100296
0.28936272859573364
0.20936596393585205
0.12468649446964264
0.17812910676002502
0.28063997626304626
0.19594189524650574
0.2676638066768646
0.08488200604915619
0.05391194671392441
0.11408252269029617
0.1225995123386383
0.17664974927902222
0.2958911061286926
0.12894251942634583
0.13628625869750977
0.24165847897529602
0.17482461035251617
0.16739287972450256
0.15688441693782806
0.11764044314622879
0.15954044461250305
0.17424263060092926
0.18587206304073334
0.11322033405303955
0.10288073122501373
0.23735783994197845
0.20887243747711182
0.20269475877285004
0.10616252571344376
0.1852697730064392
0.18737569451332092
0.28841111063957214
0.17350052297115326
0.30905410647392273
0.176739901304245
0.1910240650177002
0.15005435049533844
0.12381166964769363
0.152121439576149
0.1740158349275589
0.08580475300550461
0.13740000128746033
0.24342621862888336
0.17345258593559265
0.19488126039505005
0.20795783400535583
0.17027004063129425
0.16715596616268158
0.17562301456928253
0.1540900021791458
0.1005646362900734
0.1454523354768753
0.31828242540359497
0.152373805642128
0.3268016576766968
0.24191083014011383
0.24886034429073334
0.05561206862330437
0.13989275693893433
0.2081574946641922
0.08915986865758896
0.16059505939483643
0.25036856532096863
0.1506565809249878
0.15210215747356415
0.11507014185190201
0.19166609644889832
0.24440571665763855
0.19301006197929382
0.16695629060268402
0.2050921767950058
0.18620166182518005
0.30649450421333313
0.12514901161193848
0.2599637806415558
0.10284262150526047
0.1458214819431305
0.19531697034835815
0.11987065523862839
0.2837353050708771
0.10190661251544952
0.15776056051254272
0.20563934743404388
0.12649288773536682
0.1632625162601471
0.1157599538564682
0.2023494988679886
0.14470967650413513
0.07054659724235535
0.16887889802455902
0.10853227227926254
0.12010214477777481
0.16337983310222626
0.2814779579639435
0.16477471590042114
0.1287851333618164
0.16430480778217316
0.13255219161510468
0.2564188241958618
0.14931738376617432
0.19350382685661316
0.16550087928771973
0.20679225027561188
0.11409328877925873
0.1173713207244873
0.18686379492282867
0.1792328953742981
0.16350778937339783
0.10323826223611832
0.12442473322153091
0.11757925897836685
0.2573780119419098
0.10994444042444229
0.3158353269100189
0.10924717783927917
0.09261567145586014
0.12316173315048218
0.1690417379140854
0.22839751839637756
0.1336980164051056
0.17430537939071655
0.12134460359811783
0.23245345056056976
0.11411765217781067
0.16966432332992554
0.20046009123325348
0.1928728222846985
0.25224435329437256
0.1360073685646057
0.18704795837402344
0.23049810528755188
0.125161811709404
0.1605038046836853
0.14059953391551971
0.0964427962899208
0.16768504679203033
0.14199016988277435
0.14718514680862427
0.10299461334943771
0.16813628375530243
0.14939799904823303
0.17729994654655457
0.24142932891845703
0.08290587365627289
0.1344241499900818
0.2101823389530182
0.08441955596208572
0.26731640100479126
0.16422989964485168
0.23979908227920532
0.13621735572814941
0.12976376712322235
0.17678819596767426
0.10105106234550476
0.09420380741357803
0.09245669841766357
0.15616823732852936
0.14402246475219727
0.10658387839794159
0.14778536558151245
0.20447589457035065
0.19596892595291138
0.26438528299331665
0.11646860092878342
0.1568540781736374
0.1475003957748413
0.2180529534816742
0.08233512192964554
0.196023628115654
0.13861964643001556
0.03641260415315628
0.21485109627246857
0.0717567726969719
0.16106940805912018
0.17645515501499176
0.2254597544670105
0.21659113466739655
0.2731614112854004
0.1376628577709198
0.1858004778623581
0.2250908613204956
0.20372231304645538
0.17059969902038574
0.11447827517986298
0.1462104171514511
0.2131032645702362
0.15333399176597595
0.06046394631266594
0.13991637527942657
0.2831823229789734
0.15087732672691345
0.10059263557195663
0.1244911402463913
0.2629590630531311
0.11488570272922516
0.18786098062992096
0.19139456748962402
0.10406643152236938
0.24343805015087128
0.2290719598531723
0.17704670131206512
0.17342215776443481
0.0989564061164856
0.17063221335411072
0.1906983107328415
0.08363675326108932
0.1252904236316681
0.15620191395282745
0.17066366970539093
0.20450690388679504
0.17099881172180176
0.20345377922058105
0.1848033368587494
0.18652179837226868
0.290913462638855
0.1257891058921814
0.15635815262794495
0.2163040041923523
0.15080145001411438
0.23417019844055176
0.12688086926937103
0.21252337098121643
0.09560512751340866
0.11006827652454376
0.15320995450019836
0.16562210023403168
0.15553365647792816
0.13928581774234772
0.12777528166770935
0.21610935032367706
0.16371896862983704
0.12956762313842773
0.1914880871772766
0.25227224826812744
0.21764424443244934
0.1674090474843979
0.2017456293106079
0.21175633370876312
0.1190459132194519
0.07222475856542587
0.09669722616672516
0.22823067009449005
0.1324383020401001
0.19674192368984222
0.07605040073394775
0.12356038391590118
0.1008945181965828
0.08359409868717194
0.20655576884746552
0.1790541261434555
0.15165427327156067
0.07955702394247055
0.19370593130588531
0.13148179650306702
0.07580021023750305
0.09665827453136444
0.15100927650928497
0.14105036854743958
0.10995786637067795
0.12029792368412018
0.21563208103179932
0.16477645933628082
0.13178424537181854
0.15381236374378204
0.1466529667377472
0.2930091917514801
0.10764807462692261
0.2018798589706421
0.1286897212266922
0.23893775045871735
0.1482967883348465
0.08738117665052414
0.15961696207523346
0.19550010561943054
0.12992917001247406
0.2187230885028839
0.19916021823883057
0.22162562608718872
0.11875325441360474
0.12115457653999329
0.15407229959964752
0.24766960740089417
0.19247998297214508
0.12964066863059998
0.10871292650699615
0.11301009356975555
0.19431468844413757
0.13399899005889893
0.2148839682340622
0.15090130269527435
0.13754752278327942
0.14790835976600647
0.1468428671360016
0.17032025754451752
0.21217064559459686
0.1753242015838623
0.25984087586402893
0.19463180005550385
0.17079225182533264
0.11139487475156784
0.176528662443161
0.1666157990694046
0.3540359139442444
0.19105622172355652
0.23344266414642334
0.13205692172050476
0.12752068042755127
0.17960317432880402
0.10889023542404175
0.2742224633693695
0.19719958305358887
0.07105448096990585
0.22070908546447754
0.14447638392448425
0.12877649068832397
0.1498236060142517
0.2525024116039276
0.20780926942825317
0.17893382906913757
0.10882658511400223
0.2412036806344986
0.16260100901126862
0.20222048461437225
0.09616300463676453
0.1742256134748459
0.08701647073030472
0.21038171648979187
0.21355187892913818
0.23245224356651306
0.11571761220693588
0.19013941287994385
0.13730554282665253
0.20287089049816132
0.18639738857746124
0.1940992772579193
0.15736199915409088
0.1256813257932663
0.1597663313150406
0.09104973077774048
0.1646471619606018
0.054483771324157715
0.15642668306827545
0.09088591486215591
0.144961416721344
0.17631451785564423
0.20827710628509521
0.10845913738012314
0.15466716885566711
0.1392364650964737
0.15272226929664612
0.08455172181129456
0.1366773396730423
0.16941292583942413
0.1368672102689743
0.13033509254455566
0.2267434149980545
0.047189414501190186
0.23377515375614166
0.1684541404247284
0.17379428446292877
0.1852283775806427
0.19207064807415009
0.16865631937980652
0.18141600489616394
0.1448221653699875
0.14193113148212433
0.14782921969890594
0.18800607323646545
0.24918201565742493
0.1654077023267746
0.21856670081615448
0.17281922698020935
0.19732160866260529
0.17564861476421356
0.43229469656944275
0.2355557382106781
0.09328179806470871
0.2282269299030304
0.22065645456314087
0.12222908437252045
0.1433742642402649
0.1765192598104477
0.20432183146476746
0.20603719353675842
0.1721312403678894
0.2033972293138504
0.20588847994804382
0.1412859857082367
0.12951622903347015
0.18762655556201935
0.1849527657032013
0.22663719952106476
0.15186382830142975
0.27193334698677063
0.09105397760868073
0.14772163331508636
0.2564031779766083
0.15982480347156525
0.22805137932300568
0.08335317671298981
0.17076018452644348
0.21422038972377777
0.1328643411397934
0.16671058535575867
0.10580256581306458
0.06550329178571701
0.1382712572813034
0.1661386489868164
0.28977346420288086
0.15803085267543793
0.18458861112594604
0.15145951509475708
0.15830254554748535
0.21081900596618652
0.10932067036628723
0.11013630777597427
0.12123434245586395
0.1093217208981514
0.1864514946937561
0.0300483126193285
0.2186221182346344
0.21080972254276276
0.13587096333503723
0.12049947679042816
0.3878820836544037
0.17036397755146027
0.22166645526885986
0.22357818484306335
0.15516212582588196
0.23908691108226776
0.21423429250717163
0.2559663653373718
0.16669978201389313
0.1987348198890686
0.07492543011903763
0.2391909658908844
0.22540122270584106
0.1384049952030182
0.22352518141269684
0.20701782405376434
0.23185622692108154
0.08400408178567886
0.21839158236980438
0.1513894647359848
0.21043828129768372
0.16938355565071106
0.22187697887420654
0.18853560090065002
0.22552376985549927
0.165614053606987
0.14090096950531006
0.15392187237739563
0.16600729525089264
0.1405859738588333
0.1629229038953781
0.16730134189128876
0.09499077498912811
0.20362141728401184
0.15119774639606476
0.2404126226902008
0.14391152560710907
0.13180594146251678
0.1912790685892105
0.1966562420129776
0.11803174763917923
0.2554773688316345
0.1163775697350502
0.09042134881019592
0.17721766233444214
0.1712559312582016
0.17507049441337585
0.1704891324043274
0.21421609818935394
0.08600938320159912
0.25271791219711304
0.11961014568805695
0.10047131031751633
0.22901451587677002
0.14837771654129028
0.15576457977294922
0.1789470613002777
0.13581815361976624
0.26406562328338623
0.1871577799320221
0.1601681113243103
0.12546877562999725
0.22106699645519257
0.2101595550775528
0.23728306591510773
0.1911589652299881
0.1571071296930313
0.163389191031456
0.2242092788219452
0.17861175537109375
0.11484942585229874
0.17395582795143127
0.2016282081604004
0.23657327890396118
0.22874315083026886
0.2603593170642853
0.15730585157871246
0.2402399480342865
0.1675630509853363
0.2671690881252289
0.23616522550582886
0.11494748294353485
0.087164506316185
0.1111254096031189
0.16230349242687225
0.19753174483776093
0.153741717338562
0.1328662484884262
0.11650381982326508
0.10987739264965057
0.19081313908100128
0.22870634496212006
0.15228214859962463
0.18478186428546906
0.16716934740543365
0.15175920724868774
0.19381475448608398
0.13182199001312256
0.17462784051895142
0.20612317323684692
0.23691461980342865
0.25061583518981934
0.12654262781143188
0.22571183741092682
0.17434518039226532
0.2731472849845886
0.20591484010219574
0.20252415537834167
0.1732555776834488
0.15305550396442413
0.1169063150882721
0.11391077935695648
0.1094893217086792
0.15587396919727325
0.3376706540584564
0.19783568382263184
0.15806525945663452
0.18986555933952332
0.1120726615190506
0.1937061995267868
0.17411144077777863
0.17850132286548615
0.1674758940935135
0.2419625073671341
0.13365893065929413
0.17013390362262726
0.05968097597360611
0.13558827340602875
0.18799559772014618
0.2979205250740051
0.05824856087565422
0.2218371331691742
0.2318555861711502
0.15309570729732513
0.16334649920463562
0.24805541336536407
0.13321365416049957
0.1957867443561554
0.09707004576921463
0.18906928598880768
0.16362445056438446
0.22165492177009583
0.07743343710899353
0.11611275374889374
0.16891080141067505
0.3300236165523529
0.11545581370592117
0.15175525844097137
0.20739778876304626
0.11554751545190811
0.1762978583574295
0.30050668120384216
0.1438634991645813
0.12432034313678741
0.13087448477745056
0.11812198162078857
0.1618107110261917
0.30698367953300476
0.15072666108608246
0.1657884120941162
0.05332714691758156
0.2070956528186798
0.16965237259864807
0.254123717546463
0.23187701404094696
0.08451680094003677
0.2193944901227951
0.15231181681156158
0.19348767399787903
0.21171168982982635
0.13717855513095856
0.13163131475448608
0.22055160999298096
0.18105937540531158
0.15576563775539398
0.16881316900253296
0.1946669965982437
0.12030237913131714
0.2563678026199341
0.2602721154689789
0.1561369001865387
0.19602087140083313
0.21323515474796295
0.18381911516189575
0.22959697246551514
0.08032865077257156
0.14432641863822937
0.2456236630678177
0.14374369382858276
0.14329229295253754
0.1963067650794983
0.16623467206954956
0.153586745262146
0.1878683865070343
0.12539729475975037
0.3715106248855591
0.22039219737052917
0.179464191198349
0.11270183324813843
0.18151450157165527
0.14274874329566956
0.16534167528152466
0.17536868155002594
0.18302509188652039
0.27296188473701477
0.31908443570137024
0.17098857462406158
0.14306612312793732
0.2152291238307953
0.27146708965301514
0.1073085218667984
0.2146793156862259
0.18102607131004333
0.08305038511753082
0.11167970299720764
0.11962470412254333
0.1494635045528412
0.12457641959190369
0.14156562089920044
0.2310166358947754
0.23546138405799866
0.13228216767311096
0.1705801784992218
0.21647602319717407
0.13821834325790405
0.12609723210334778
0.19179458916187286
0.23003235459327698
0.06296274065971375
0.1566927582025528
0.2675510048866272
0.15108540654182434
0.14285868406295776
0.10551378130912781
0.19283364713191986
0.06264521181583405
0.23179297149181366
0.19689081609249115
0.14332343637943268
0.08877692371606827
0.22141210734844208
0.20388975739479065
0.18206362426280975
0.24521079659461975
0.14627163112163544
0.21833309531211853
0.11544139683246613
0.21011808514595032
0.16631028056144714
0.21459181606769562
0.1125195324420929
0.21466770768165588
0.1448047161102295
0.27639904618263245
0.14361079037189484
0.12718452513217926
0.09396669268608093
0.12273845076560974
0.14182116091251373
0.22687700390815735
0.274535208940506
0.21234411001205444
0.12143387645483017
0.2189064472913742
0.15644606947898865
0.1426907628774643
0.13660652935504913
0.15921735763549805
0.10944128036499023
0.21504342555999756
0.22961066663265228
0.2505207061767578
0.08562242239713669
0.19853276014328003
0.1150413453578949
0.19826281070709229
0.22410042583942413
0.15907159447669983
0.2582224905490875
0.16893556714057922
0.1319284737110138
0.20801931619644165
0.23833486437797546
0.1957857608795166
0.19223736226558685
0.18209436535835266
0.09960994124412537
0.2617016136646271
0.1340934932231903
0.14994217455387115
0.20996567606925964
0.1965712308883667
0.18311020731925964
0.18729674816131592
0.17798788845539093
0.1805291324853897
0.12476141005754471
0.2434467077255249
0.2969827353954315
0.20739507675170898
0.2058006078004837
0.1676996350288391
0.14069505035877228
0.20139656960964203
0.18642708659172058
0.27376148104667664
0.18159762024879456
0.12016084790229797
0.12294678390026093
0.1925594061613083
0.2802506685256958
0.16827327013015747
0.09339547157287598
0.2157350331544876
0.16062240302562714
0.08800831437110901
0.09032963216304779
0.21468719840049744
0.10047581046819687
0.10405296087265015
0.2070942223072052
0.17421497404575348
0.07229369878768921
0.2198234498500824
0.1564641296863556
0.25638821721076965
0.2162453830242157
0.1803538054227829
0.1694469302892685
0.08498154580593109
0.16339446604251862
0.15204653143882751
0.23023395240306854
0.1577519327402115
0.21008384227752686
0.13230091333389282
0.12952345609664917
0.19250988960266113
0.22556062042713165
0.16294245421886444
0.1694898009300232
0.13896100223064423
0.19029425084590912
0.13468773663043976
0.21747946739196777
0.11195173859596252
0.16085804998874664
0.1985185593366623
0.22843870520591736
0.11980120092630386
0.16209165751934052
0.18280340731143951
0.1424236297607422
0.18210959434509277
0.10858036577701569
0.17039495706558228
0.15961851179599762
0.1765449494123459
0.09446467459201813
0.17296169698238373
0.18419747054576874
0.2710155248641968
0.24348360300064087
0.1614576280117035
0.09043549746274948
0.268473356962204
0.23192203044891357
0.34593406319618225
0.09332384169101715
0.2856864631175995
0.09695076197385788
0.16428115963935852
0.1563507616519928
0.08657145500183105
0.09581372141838074
0.21138280630111694
0.1605442613363266
0.15166841447353363
0.10392649471759796
0.1736738383769989
0.10397966206073761
0.18603722751140594
0.1466953158378601
0.20495085418224335
0.17399218678474426
0.191719651222229
0.0707007497549057
0.13882237672805786
0.22329610586166382
0.11494999378919601
0.12284789234399796
0.09087522327899933
0.11405283212661743
0.1447119265794754
0.1251535564661026
0.27621057629585266
0.39097803831100464
0.16876590251922607
0.14676880836486816
0.25818899273872375
0.19639094173908234
0.16533850133419037
0.2091185599565506
0.14957763254642487
0.09702262282371521
0.13201908767223358
0.1765003651380539
0.09956765174865723
0.20588740706443787
0.2452666461467743
0.12132198363542557
0.23955225944519043
0.16118139028549194
0.17567667365074158
0.20335854589939117
0.12741509079933167
0.16118410229682922
0.16301558911800385
0.15614765882492065
0.178105428814888
0.1987845003604889
0.20293323695659637
0.12188559025526047
0.1683483123779297
0.12368183583021164
0.2702161371707916
0.11799035966396332
0.1422448307275772
0.14192155003547668
0.38815659284591675
0.19729389250278473
0.19074903428554535
0.0918242558836937
0.20749521255493164
0.08898410201072693
0.20957058668136597
0.11963523179292679
0.23128952085971832
0.07694234699010849
0.20662222802639008
0.1691267490386963
0.19005897641181946
0.08650413155555725
0.2469564527273178
0.18098720908164978
0.14531633257865906
0.1795962154865265
0.2008129358291626
0.1753295212984085
0.17575807869434357
0.21721532940864563
0.13597995042800903
0.18061482906341553
0.16020384430885315
0.1519099771976471
0.1541447639465332
0.22650866210460663
0.20778687298297882
0.11265270411968231
0.2050761729478836
0.1377023458480835
0.15758834779262543
0.13027262687683105
0.131794735789299
0.17902067303657532
0.16027061641216278
0.10096868872642517
0.17476624250411987
0.2324853539466858
0.12191401422023773
0.13796912133693695
0.1458979696035385
0.1593901515007019
0.1600986123085022
0.18306027352809906
0.22937573492527008
0.18269652128219604
0.24622060358524323
0.12669230997562408
0.13570386171340942
0.18914645910263062
0.16910047829151154
0.17529939115047455
0.16338945925235748
0.1584172397851944
0.1758207231760025
0.15933410823345184
0.25889575481414795
0.15342415869235992
0.17899110913276672
0.19148261845111847
0.12090715765953064
0.3174838721752167
0.14636105298995972
0.15050016343593597
0.19319117069244385
0.24697819352149963
0.1921634078025818
0.19084709882736206
0.15391916036605835
0.1440356969833374
0.2076326459646225
0.08662985265254974
0.1782548725605011
0.2010287344455719
0.08285393565893173
0.09717956185340881
0.1670331209897995
0.25330600142478943
0.09866060316562653
0.14160557091236115
0.19854016602039337
0.16384054720401764
0.20099979639053345
0.16523034870624542
0.11240490525960922
0.2416795939207077
0.09829084575176239
0.19748517870903015
0.17024390399456024
0.08436406403779984
0.18923796713352203
0.08900196105241776
0.1514546275138855
0.15942233800888062
0.09063290804624557
0.12719877064228058
0.14016403257846832
0.2200157642364502
0.18094488978385925
0.21714988350868225
0.09379678219556808
0.15627923607826233
0.1592765748500824
0.20283010601997375
0.177949920296669
0.17875133454799652
0.23930755257606506
0.1314782202243805
0.12564602494239807
0.12165393680334091
0.0684656873345375
0.16963541507720947
0.18128354847431183
0.1864839643239975
0.18816998600959778
0.1672324687242508
0.15134015679359436
0.12156511843204498
0.17340274155139923
0.2179514467716217
0.09878896921873093
0.14657248556613922
0.1084848940372467
0.23661112785339355
0.18258558213710785
0.15036287903785706
0.14893577992916107
0.08824045956134796
0.060965679585933685
0.1258617788553238
0.2717357575893402
0.2331879585981369
0.08284472674131393
0.20384445786476135
0.13257454335689545
0.26730242371559143
0.25058797001838684
0.1843319535255432
0.21122953295707703
0.11611247062683105
0.23309391736984253
0.13870981335639954
0.3738920986652374
0.143395334482193
0.22371721267700195
0.2998403012752533
0.19939053058624268
0.22021561861038208
0.15960121154785156
0.10636360198259354
0.09566401690244675
0.1593112349510193
0.13255132734775543
0.25348252058029175
0.17242386937141418
0.15092533826828003
0.14141830801963806
0.06030922755599022
0.11599745601415634
0.2838381826877594
0.09507202357053757
0.13998927175998688
0.21617241203784943
0.17946714162826538
0.2398388683795929
0.1542576253414154
0.20873317122459412
0.2659105062484741
0.2088770717382431
0.20671069622039795
0.1467793583869934
0.10843472182750702
0.13853995501995087
0.16650603711605072
0.10572785139083862
0.2214127779006958
0.1443997025489807
0.15454645454883575
0.21165233850479126
0.14678551256656647
0.13382375240325928
0.20384648442268372
0.22265081107616425
0.08966929465532303
0.24901460111141205
0.14018215239048004
0.07950329035520554
0.2309955209493637
0.1493326723575592
0.1496267318725586
0.0838887095451355
0.11756909638643265
0.11069553345441818
0.13861393928527832
0.2921295166015625
0.21163290739059448
0.1474478393793106
0.1908504217863083
0.12474901974201202
0.0885394811630249
0.16923339664936066
0.10333480685949326
0.1612699180841446
0.1939009726047516
0.16943050920963287
0.14188766479492188
0.21471472084522247
0.19509316980838776
0.21784715354442596
0.12887956202030182
0.1603243201971054
0.10299662500619888
0.1454789787530899
0.1638287454843521
0.1360265165567398
0.10826949030160904
0.24517792463302612
0.13476678729057312
0.2082931399345398
0.24826641380786896
0.17361049354076385
0.1862572431564331
0.15822258591651917
0.11761152744293213
0.24479231238365173
0.12446670234203339
0.16485677659511566
0.20103730261325836
0.18648524582386017
0.19010789692401886
0.06953984498977661
0.24909517168998718
0.18647684156894684
0.172612726688385
0.12920314073562622
0.27823102474212646
0.0996929407119751
0.12170063704252243
0.21305064857006073
0.15590183436870575
0.17338429391384125
0.24564248323440552
0.20742015540599823
0.12412494421005249
0.23681512475013733
0.20335017144680023
0.194998100399971
0.19387754797935486
0.1043136939406395
0.1900475174188614
0.14892110228538513
0.22132420539855957
0.18974623084068298
0.22990386188030243
0.256109356880188
0.18714463710784912
0.1806391179561615
0.19750750064849854
0.13082019984722137
0.17817354202270508
0.16053950786590576
0.13226895034313202
0.1498396098613739
0.16928738355636597
0.17191368341445923
0.12312594056129456
0.12305492907762527
0.20819106698036194
0.17026755213737488
0.22857284545898438
0.1717047393321991
0.0870550125837326
0.21052737534046173
0.2031114399433136
0.0988645851612091
0.12422213703393936
0.17639991641044617
0.1936408430337906
0.1468132585287094
0.2623116075992584
0.1619754135608673
0.1607547402381897
0.1231604591012001
0.3317224681377411
0.16128051280975342
0.10853271931409836
0.19464434683322906
0.1329289823770523
0.15744414925575256
0.19484849274158478
0.20576588809490204
0.18053722381591797
0.2969997227191925
0.17486681044101715
0.12956957519054413
0.13828617334365845
0.1605835258960724
0.17530657351016998
0.09664244204759598
0.1125534176826477
0.1922966092824936
0.2377994805574417
0.16152556240558624
0.16063305735588074
0.1854458600282669
0.15895012021064758
0.16640311479568481
0.15414579212665558
0.1827530562877655
0.24618889391422272
0.21547937393188477
0.3068279027938843
0.12430369853973389
0.16286496818065643
0.16952283680438995
0.22059455513954163
0.21489420533180237
0.11285639554262161
0.16532056033611298
0.09352630376815796
0.22623685002326965
0.06582309305667877
0.17876499891281128
0.20633487403392792
0.21127822995185852
0.2566949725151062
0.10101445019245148
0.10502943396568298
0.2520212233066559
0.13416965305805206
0.1984965205192566
0.22475840151309967
0.0903477817773819
0.15319570899009705
0.14902661740779877
0.15149596333503723
0.1572522670030594
0.01996634528040886
0.09473235160112381
0.18805807828903198
0.17404861748218536
0.2667032778263092
0.12343331426382065
0.16107569634914398
0.19950489699840546
0.18055133521556854
0.1551181524991989
0.2424466609954834
0.26046714186668396
0.20147070288658142
0.214643195271492
0.16376304626464844
0.20031031966209412
0.15572983026504517
0.12954352796077728
0.18228793144226074
0.19222131371498108
0.24306753277778625
0.14475643634796143
0.222133606672287
0.16908149421215057
0.17750324308872223
0.19521720707416534
0.1940000057220459
0.12477248907089233
0.21968844532966614
0.18701890110969543
0.26857247948646545
0.10166138410568237
0.19120070338249207
0.1588887870311737
0.21356941759586334
0.13317516446113586
0.13283495604991913
0.21467897295951843
0.10840152204036713
0.1470729261636734
0.16767799854278564
0.09763206541538239
0.15945562720298767
0.2992321252822876
0.19255366921424866
0.15506614744663239
0.14593863487243652
0.18156488239765167
0.12068571150302887
0.12987057864665985
0.250365287065506
0.13188444077968597
0.037898097187280655
0.1946178525686264
0.16236445307731628
0.1905854344367981
0.1334920972585678
0.20358459651470184
0.13074687123298645
0.20141755044460297
0.17030955851078033
0.13069438934326172
0.1972658783197403
0.14449888467788696
0.2058364897966385
0.20683284103870392
0.19366641342639923
0.20953574776649475
0.1902206540107727
0.16966432332992554
0.14397913217544556
0.23844881355762482
0.2117084115743637
0.09766528755426407
0.20514748990535736
0.12136060744524002
0.18029306828975677
0.2425440549850464
0.24385814368724823
0.14101210236549377
0.13748936355113983
0.14021971821784973
0.07932033389806747
0.13694092631340027
0.219938725233078
0.15270943939685822
0.206034317612648
0.13561628758907318
0.20136047899723053
0.16521790623664856
0.16260476410388947
0.16356438398361206
0.12527994811534882
0.10976910591125488
0.13497065007686615
0.13793888688087463
0.1953929215669632
0.2027517706155777
0.1897406280040741
0.15021078288555145
0.13872301578521729
0.18207556009292603
0.14676599204540253
0.14157606661319733
0.18422745168209076
0.1764477640390396
0.12597644329071045
0.05874781310558319
0.13701412081718445
0.10226760804653168
0.09455031901597977
0.18499895930290222
0.13083979487419128
0.15178540349006653
0.13956332206726074
0.1232299730181694
0.14923609793186188
0.07602377980947495
0.11450815200805664
0.21982692182064056
0.196310356259346
0.2630075216293335
0.15973718464374542
0.12886378169059753
0.17352177202701569
0.20753450691699982
0.18457117676734924
0.11702913045883179
0.23197026550769806
0.17767804861068726
0.21284480392932892
0.12319856137037277
0.16385601460933685
0.14974284172058105
0.18441250920295715
0.21191751956939697
0.12446395307779312
0.24225133657455444
0.13231755793094635
0.09849891066551208
0.14413698017597198
0.18850211799144745
0.21350717544555664
0.11587591469287872
0.18289898335933685
0.22598542273044586
0.24502995610237122
0.18270844221115112
0.15813888609409332
0.19032512605190277
0.2081441879272461
0.17812328040599823
0.10282418131828308
0.13707703351974487
0.20554578304290771
0.2421819269657135
0.13030262291431427
0.25706833600997925
0.11730354279279709
0.18236663937568665
0.14159035682678223
0.1952742636203766
0.1532423049211502
0.20621377229690552
0.17096072435379028
0.15076756477355957
0.10293111205101013
0.13982369005680084
0.1631411910057068
0.1516927182674408
0.2663158178329468
0.12932072579860687
0.22411991655826569
0.27382493019104004
0.08737103641033173
0.13512615859508514
0.25067445635795593
0.13381142914295197
0.26881346106529236
0.26537591218948364
0.1372169554233551
0.16350015997886658
0.05867042392492294
0.17837893962860107
0.17454659938812256
0.19961361587047577
0.2400406002998352
0.20778736472129822
0.19445767998695374
0.20756687223911285
0.22236935794353485
0.15942062437534332
0.18691906332969666
0.11356288939714432
0.01624557375907898
0.2747068703174591
0.20983436703681946
0.14874106645584106
0.20811936259269714
0.16994237899780273
0.17893002927303314
0.18836896121501923
0.12766993045806885
0.1005835011601448
0.13518941402435303
0.15466296672821045
0.21115431189537048
0.19475868344306946
0.20384405553340912
0.0305425263941288
0.2601098418235779
0.21598871052265167
0.0997721403837204
0.2031131535768509
0.11490011215209961
0.2273661196231842
0.13792450726032257
0.16113461554050446
0.11698874831199646
0.28003066778182983
0.14872077107429504
0.09296165406703949
0.23586666584014893
0.12354639917612076
0.13967597484588623
0.15895089507102966
0.22022691369056702
0.15830153226852417
0.18242955207824707
0.24549221992492676
0.1908128261566162
0.07082436233758926
0.1584024727344513
0.17335563898086548
0.13441617786884308
0.19567497074604034
0.08520118147134781
0.2058175951242447
0.21025033295154572
0.10866788774728775
0.144168421626091
0.22183571755886078
0.16947133839130402
0.15582755208015442
0.19021157920360565
0.16346433758735657
0.1785806268453598
0.1806076318025589
0.08356854319572449
0.16932396590709686
0.27535921335220337
0.1724829524755478
0.07069700956344604
0.15440154075622559
0.21296200156211853
0.18866348266601562
0.11311075091362
0.08873282372951508
0.14386390149593353
0.23293597996234894
0.11228427290916443
0.1173786148428917
0.13190042972564697
0.17078141868114471
0.16396091878414154
0.15612447261810303
0.2214556187391281
0.1034679263830185
0.1338423788547516
0.19423003494739532
0.19002756476402283
0.10654650628566742
0.1966669112443924
0.20318223536014557
0.17343302071094513
0.30703574419021606
0.17928434908390045
0.14762970805168152
0.18470259010791779
0.21583913266658783
0.20434890687465668
0.22004446387290955
0.22312307357788086
0.09283853322267532
0.16611795127391815
0.060332752764225006
0.05501759052276611
0.12556113302707672
0.20186832547187805
0.260281503200531
0.20693819224834442
0.15768365561962128
0.1609165072441101
0.1853795349597931
0.10489354282617569
0.1607537716627121
0.19162161648273468
0.08266136050224304
0.21435096859931946
0.20615027844905853
0.16255351901054382
0.1305803656578064
0.18991099298000336
0.2373938113451004
0.1651259809732437
0.19548486173152924
0.19163614511489868
0.2380586862564087
0.15887853503227234
0.14319919049739838
0.14399342238903046
0.21345609426498413
0.21509961783885956
0.04875805228948593
0.16404518485069275
0.2505853772163391
0.12939082086086273
0.08471917361021042
0.20735782384872437
0.23828431963920593
0.12168069928884506
0.12889228761196136
0.18862292170524597
0.20296767354011536
0.13158784806728363
0.30367612838745117
0.1673167198896408
0.16023516654968262
0.14212198555469513
0.19279341399669647
0.32068872451782227
0.06629712879657745
0.1934269815683365
0.14204348623752594
0.18293413519859314
0.08670596778392792
0.16520056128501892
0.17486950755119324
0.08871152251958847
0.14875087141990662
0.12911853194236755
0.1711535006761551
0.19046437740325928
0.11058355122804642
0.14057162404060364
0.17662298679351807
0.0639648288488388
0.26642942428588867
0.11403319984674454
0.19674141705036163
0.231443852186203
0.1192651316523552
0.10456908494234085
0.09649951010942459
0.21736201643943787
0.1680329591035843
0.10363738238811493
0.04878607019782066
0.09542602300643921
0.22423125803470612
0.23569069802761078
0.17931120097637177
0.148447647690773
0.16622866690158844
0.1837998926639557
0.13994243741035461
0.18153534829616547
0.1413348764181137
0.07951971888542175
0.1282333880662918
0.1455932855606079
0.09296243637800217
0.14400368928909302
0.1925314962863922
0.16650213301181793
0.1780180186033249
0.1675271987915039
0.2547445595264435
0.15022526681423187
0.15964698791503906
0.11943207681179047
0.24347375333309174
0.14062491059303284
0.17521527409553528
0.19103117287158966
0.15097877383232117
0.13686580955982208
0.2412523478269577
0.11871352046728134
0.24257005751132965
0.1225065290927887
0.23455967009067535
0.1567760854959488
0.1495305597782135
0.17452116310596466
0.23092858493328094
0.149133563041687
0.3184065520763397
0.03710063919425011
0.14673548936843872
0.1976684033870697
0.19204245507717133
0.15251781046390533
0.22831489145755768
0.14026392996311188
0.16392143070697784
0.11297453939914703
0.2121690958738327
0.1833137422800064
0.3435767590999603
0.22828954458236694
0.2580358684062958
0.1743057519197464
0.176569864153862
0.213277205824852
0.1563589870929718
0.20378044247627258
0.08802784979343414
0.11150495707988739
0.18737947940826416
0.1929558664560318
0.11847183108329773
0.15871655941009521
0.14391058683395386
0.1106402724981308
0.1789320707321167
0.1822699010372162
0.16003379225730896
0.18354351818561554
0.07741104811429977
0.20510296523571014
0.13361747562885284
0.23282796144485474
0.11200016736984253
0.134434312582016
0.13831336796283722
0.1261439174413681
0.16772893071174622
0.17811326682567596
0.11412686109542847
0.19999971985816956
0.1415231078863144
0.0691283792257309
0.1967080980539322
0.13867045938968658
0.03250136226415634
0.22925585508346558
0.1559523642063141
0.10153861343860626
0.2375742793083191
0.2339036613702774
0.17504079639911652
0.13123297691345215
0.14441685378551483
0.17880116403102875
0.18465237319469452
0.189162939786911
0.18941393494606018
0.08603091537952423
0.1428942233324051
0.25877007842063904
0.18193787336349487
0.19833630323410034
0.2130168229341507
0.11234980821609497
0.19274811446666718
0.15498371422290802
0.15007935464382172
0.11905302107334137
0.15904973447322845
0.1528346985578537
0.08966628462076187
0.12627696990966797
0.07685625553131104
0.17957107722759247
0.15141920745372772
0.15917667746543884
0.23230254650115967
0.14229623973369598
0.08221010863780975
0.09864336997270584
0.14106829464435577
0.08963271230459213
0.11758790910243988
0.21594025194644928
0.2519036531448364
0.2227674126625061
0.17948421835899353
0.16459280252456665
0.22750476002693176
0.12328598648309708
0.13648445904254913
0.22767913341522217
0.14517979323863983
0.19653362035751343
0.2588588297367096
0.255574494600296
0.12730363011360168
0.24672363698482513
0.13477174937725067
0.22855955362319946
0.19640080630779266
0.2567930519580841
0.16111090779304504
0.2613092362880707
0.30772826075553894
0.10944288223981857
0.13093021512031555
0.24140697717666626
0.17706944048404694
0.13700984418392181
0.10662254691123962
0.10205724835395813
0.13108056783676147
0.1646098792552948
0.16431528329849243
0.14106541872024536
0.18316248059272766
0.10891025513410568
0.2236405462026596
0.18263733386993408
0.14782600104808807
0.2231847047805786
0.09538920223712921
0.20060984790325165
0.07725249230861664
0.1984902322292328
0.06696079671382904
0.1664479672908783
0.20227675139904022
0.16495323181152344
0.18616889417171478
0.07594158500432968
0.20665469765663147
0.15134774148464203
0.253450483083725
0.20161151885986328
0.19629910588264465
0.18317584693431854
0.1452457457780838
0.156987726688385
0.17202520370483398
0.20002834498882294
0.10156875848770142
0.07438407838344574
0.097710020840168
0.13873536884784698
0.16779445111751556
0.21885579824447632
0.14244255423545837
0.17469646036624908
0.14590784907341003
0.06674099713563919
0.08753937482833862
0.12343757599592209
0.1723698079586029
0.24789822101593018
0.15147440135478973
0.19167852401733398
0.12625256180763245
0.16735517978668213
0.11877336353063583
0.13329894840717316
0.18120276927947998
0.25199469923973083
0.1557735651731491
0.25638407468795776
0.08819812536239624
0.1273909956216812
0.06826692819595337
0.2690947353839874
0.16674654185771942
0.1415107548236847
0.1798730343580246
0.11626975238323212
0.1463284194469452
0.10427597165107727
0.18413355946540833
0.24523644149303436
0.16477389633655548
0.26044079661369324
0.17840932309627533
0.14058083295822144
0.142877995967865
0.21925510466098785
0.14989763498306274
0.12215730547904968
0.11182630062103271
0.17651067674160004
0.09186764806509018
0.22687476873397827
0.3295272886753082
0.18618763983249664
0.08553299307823181
0.10747140645980835
0.18804511427879333
0.19142895936965942
0.17808331549167633
0.165472149848938
0.16102175414562225
0.1675107628107071
0.18786050379276276
0.23490305244922638
0.21527202427387238
0.1746717244386673
0.20846328139305115
0.14372524619102478
0.23332272469997406
0.2943602502346039
0.15145722031593323
0.16716685891151428
0.16788719594478607
0.2026662677526474
0.20102010667324066
0.17259514331817627
0.17342786490917206
0.21394073963165283
0.16723354160785675
0.1991530805826187
0.08423135429620743
0.16575536131858826
0.1505666971206665
0.15034787356853485
0.19460760056972504
0.22303406894207
0.203582301735878
0.11302974075078964
0.17343652248382568
0.16684702038764954
0.24064184725284576
0.14531444013118744
0.09626856446266174
0.2119169533252716
0.12872359156608582
0.14353273808956146
0.20731575787067413
0.17402540147304535
0.21885989606380463
0.18210329115390778
0.19877924025058746
0.1494201421737671
0.22213059663772583
0.1491922289133072
0.13877539336681366
0.2534622251987457
0.08854170888662338
0.16103337705135345
0.18121710419654846
0.2028094381093979
0.23142799735069275
0.14658798277378082
0.22578582167625427
0.12675271928310394
0.0837942361831665
0.0948975533246994
0.20766906440258026
0.17633022367954254
0.1641330122947693
0.15547485649585724
0.09104064106941223
0.16613949835300446
0.17537999153137207
0.1751517951488495
0.19284583628177643
0.19030791521072388
0.2735793888568878
0.18066225945949554
0.12730476260185242
0.1908813714981079
0.14658458530902863
0.1706198900938034
0.18038299679756165
0.17030879855155945
0.13743984699249268
0.22371624410152435
0.15706810355186462
0.2188723385334015
0.15220753848552704
0.21829909086227417
0.17832480370998383
0.22686463594436646
0.22609685361385345
0.24511809647083282
0.18287160992622375
0.24060647189617157
0.16910487413406372
0.21118921041488647
0.18055447936058044
0.12306419014930725
0.20865216851234436
0.1132989451289177
0.23732247948646545
0.07764247804880142
0.20264498889446259
0.1691684126853943
0.1422114372253418
0.13825997710227966
0.13633275032043457
0.11747425049543381
0.21954801678657532
0.1479147970676422
0.1655247062444687
0.35020712018013
0.06874740123748779
0.21376647055149078
0.2055426985025406
0.05308668687939644
0.12374313175678253
0.06519816815853119
0.11078564822673798
0.13458162546157837
0.09105454385280609
0.20385031402111053
0.1562088131904602
0.10663602501153946
0.13530950248241425
0.10208769887685776
0.17667609453201294
0.25088024139404297
0.15877820551395416
0.2663459777832031
0.19426150619983673
0.20206131041049957
0.18929657340049744
0.46354684233665466
0.17748387157917023
0.19866491854190826
0.19472068548202515
0.18812303245067596
0.1721794158220291
0.2211022526025772
0.1434667855501175
0.18471306562423706
0.11076860874891281
0.10726899653673172
0.1340446025133133
0.11905687302350998
0.19447113573551178
0.17072102427482605
0.1781054586172104
0.14644679427146912
0.03913889825344086
0.18317382037639618
0.2000209242105484
0.12171824276447296
0.15048465132713318
0.11733140796422958
0.13379326462745667
0.0693395808339119
0.12391704320907593
0.1128358393907547
0.15892785787582397
0.20888206362724304
0.2059985250234604
0.14629240334033966
0.1443699598312378
0.15765032172203064
0.07646302878856659
0.232704296708107
0.19474315643310547
0.14092357456684113
0.2623421251773834
0.23677074909210205
0.12347854673862457
0.1931930035352707
0.20247910916805267
0.14941737055778503
0.22007477283477783
0.23283028602600098
0.2097911387681961
0.23111307621002197
0.09354636818170547
0.20761924982070923
0.15211591124534607
0.1889989972114563
0.08714889734983444
0.17328248918056488
0.1484270691871643
0.10835053771734238
0.2859996557235718
0.2141861766576767
0.21064142882823944
0.27674123644828796
0.11620098352432251
0.2171989381313324
0.17017875611782074
0.1589123010635376
0.18399931490421295
0.19423344731330872
0.1152193546295166
0.09236976504325867
0.20141960680484772
0.1709141582250595
0.09014898538589478
0.1485459953546524
0.13811761140823364
0.14503201842308044
0.1520228087902069
0.17818355560302734
0.2573046088218689
0.21897929906845093
0.21273039281368256
0.12409602850675583
0.21735641360282898
0.14796201884746552
0.10424225777387619
0.26215142011642456
0.12670443952083588
0.22555842995643616
0.1352543830871582
0.23813152313232422
0.058037932962179184
0.16426627337932587
0.2580071687698364
0.30856138467788696
0.15563088655471802
0.1667686104774475
0.1469259262084961
0.23254266381263733
0.23459389805793762
0.2274065613746643
0.2159259021282196
0.0700390413403511
0.1679944396018982
0.155406653881073
0.13585546612739563
0.1023431271314621
0.19672417640686035
0.11116767674684525
0.20193275809288025
0.056417711079120636
0.1869887411594391
0.22576192021369934
0.1302357167005539
0.13159003853797913
0.21156609058380127
0.18844634294509888
0.2081114649772644
0.1677454262971878
0.03652011230587959
0.15750622749328613
0.15481983125209808
0.1949688196182251
0.16248856484889984
0.17853380739688873
0.12156741321086884
0.11745302379131317
0.1380683034658432
0.10385806858539581
0.34291696548461914
0.3289220631122589
0.1541152149438858
0.21402987837791443
0.11372002959251404
0.14590610563755035
0.13168464601039886
0.13554933667182922
0.05913650244474411
0.1980472058057785
0.031055033206939697
0.22410458326339722
0.009439792484045029
0.21786805987358093
0.11463508009910583
0.14348047971725464
0.1386527270078659
0.1715012639760971
0.22592225670814514
0.17784817516803741
0.12957319617271423
0.0974133089184761
0.196732297539711
0.14002995193004608
0.26118800044059753
0.1757531464099884
0.11439600586891174
0.14008840918540955
0.17348983883857727
0.16773344576358795
0.1306130588054657
0.16064316034317017
0.2276613563299179
0.08948256820440292
0.11177371442317963
0.1479855179786682
0.19070349633693695
0.18193073570728302
0.17349986732006073
0.16925425827503204
0.12131350487470627
0.12894484400749207
0.264700710773468
0.16690804064273834
0.21611088514328003
0.15230980515480042
0.22590181231498718
0.15349525213241577
0.2152133733034134
0.09399598836898804
0.1324310302734375
0.2997834086418152
0.13654182851314545
0.20689494907855988
0.2227174937725067
0.7770158052444458
0.10158726572990417
0.10178102552890778
0.13614368438720703
0.17295444011688232
0.15590384602546692
0.12635478377342224
0.15567541122436523
0.1255566030740738
0.11127882450819016
0.16153180599212646
0.17030547559261322
0.14184141159057617
0.29111242294311523
0.12007655948400497
0.20113268494606018
0.20999550819396973
0.12273042649030685
0.15725162625312805
0.06130192428827286
0.1945338100194931
0.1416231244802475
0.22159452736377716
0.15849177539348602
0.0718623697757721
0.11406388878822327
0.198049858212471
0.1444547027349472
0.18924649059772491
0.0899709090590477
0.13509908318519592
0.17098131775856018
0.16992545127868652
0.10560673475265503
0.07900113612413406
0.20206862688064575
0.17766006290912628
0.2016175389289856
0.16022367775440216
0.2546772062778473
0.04715648293495178
0.1752462536096573
0.10286902636289597
0.19954423606395721
0.11105260998010635
0.20605599880218506
0.24215969443321228
0.16651219129562378
0.19363123178482056
0.09416878968477249
0.08610724657773972
0.16615918278694153
0.13482064008712769
0.17009350657463074
0.2165718674659729
0.087486132979393
0.18225441873073578
0.2003524750471115
0.14727334678173065
0.17314207553863525
0.10625550150871277
0.16649097204208374
0.17740866541862488
0.103599414229393
0.20251646637916565
0.22337305545806885
0.17053425312042236
0.13607577979564667
0.17545104026794434
0.16725152730941772
0.15787020325660706
0.1362895965576172
0.14516322314739227
0.13886979222297668
0.1632089614868164
0.20811869204044342
0.2185361534357071
0.20011349022388458
0.10470890998840332
0.11642986536026001
0.10346894711256027
0.16028380393981934
0.21207283437252045
0.15114080905914307
0.12116332352161407
0.15391084551811218
0.1697911024093628
0.09035201370716095
0.1842338740825653
0.13787607848644257
0.1464536339044571
0.17007353901863098
0.1805475950241089
0.1459062546491623
0.22456346452236176
0.10445001721382141
0.12034106254577637
0.1297784000635147
0.248819038271904
0.14179891347885132
0.192298024892807
0.13859234750270844
0.19150090217590332
0.09644807130098343
0.15868820250034332
0.1261419653892517
0.14594979584217072
0.15790680050849915
0.2731155753135681
0.22094936668872833
0.14391621947288513
0.12851658463478088
0.17004767060279846
0.11590733379125595
0.29755455255508423
0.2328212559223175
0.14659638702869415
0.19925250113010406
0.20229734480381012
0.17250773310661316
0.1922672986984253
0.11259753257036209
0.16582202911376953
0.1406136453151703
0.14094790816307068
0.19601160287857056
0.14996080100536346
0.10970933735370636
0.2091079205274582
0.19390709698200226
0.08369844406843185
0.167446106672287
0.17704316973686218
0.16874895989894867
0.11413031071424484
0.13407841324806213
0.10613871365785599
0.1352769136428833
0.17748472094535828
0.1716596782207489
0.1396152675151825
0.10141830146312714
0.09891318529844284
0.09444551169872284
0.20349375903606415
0.18494686484336853
0.18599656224250793
0.15819625556468964
0.16277280449867249
0.11742140352725983
0.11813537031412125
0.0803460106253624
0.22211487591266632
0.15882554650306702
0.05632741376757622
0.11013803631067276
0.15248094499111176
0.22706471383571625
0.19362981617450714
0.10304294526576996
0.03615165874361992
0.15723538398742676
0.15775223076343536
0.2596432864665985
0.12501376867294312
0.13378581404685974
0.10634520649909973
0.21369870007038116
0.14215900003910065
0.28710028529167175
0.1478995978832245
0.16820386052131653
0.07903119921684265
0.12710951268672943
0.1228475496172905
0.16667205095291138
0.15169672667980194
0.23579518496990204
0.11429466307163239
0.1552676409482956
0.151644766330719
0.14384816586971283
0.14707812666893005
0.23782822489738464
0.08791863918304443
0.16092918813228607
0.22213566303253174
0.14122357964515686
0.05238528922200203
0.19594888389110565
0.16076767444610596
0.13860782980918884
0.16996867954730988
0.24087822437286377
0.04514322057366371
0.19579122960567474
0.10059179365634918
0.23037010431289673
0.18207545578479767
0.10224458575248718
0.10689754039049149
0.24433815479278564
0.09180569648742676
0.12925803661346436
0.14038395881652832
0.11500468105077744
0.19205224514007568
0.16193994879722595
0.16165468096733093
0.061377983540296555
0.07751376926898956
0.11151766777038574
0.20378391444683075
0.17051288485527039
0.10653671622276306
0.14244993031024933
0.2935771644115448
0.14056368172168732
0.25686660408973694
0.1072012260556221
0.13499119877815247
0.20994606614112854
0.23811790347099304
0.1296781748533249
0.0340704508125782
0.14119340479373932
0.1927407681941986
0.16367056965827942
0.18005385994911194
0.15826259553432465
0.17580309510231018
0.1639929860830307
0.1433384120464325
0.17303188145160675
0.0817880854010582
0.08078279346227646
0.21476437151432037
0.11233913153409958
0.11909926682710648
0.1622212529182434
0.13411441445350647
0.06518569588661194
0.16068629920482635
0.21011550724506378
0.21436244249343872
0.09027474373579025
0.09413611143827438
0.23612567782402039
0.18790772557258606
0.23512540757656097
0.22312767803668976
0.10848315805196762
0.16444693505764008
0.15947671234607697
0.08838127553462982
0.18443170189857483
0.13979263603687286
0.08743386715650558
0.19147612154483795
0.13448455929756165
0.13473303616046906
0.05006027594208717
0.23350730538368225
0.1475173979997635
0.30066683888435364
0.07336938381195068
0.16003553569316864
0.2254875898361206
0.0729292705655098
0.11827930063009262
0.19570213556289673
0.15409716963768005
0.13714447617530823
0.14113648235797882
0.1573685109615326
0.1542285829782486
0.17701010406017303
0.15542323887348175
0.12723417580127716
0.05614989623427391
0.13908882439136505
0.08862747997045517
0.14057910442352295
0.14610201120376587
0.11458977311849594
0.1811223179101944
0.14692121744155884
0.07823079824447632
0.13753995299339294
0.11086428910493851
0.17578540742397308
0.14898523688316345
0.18134325742721558
0.2141599953174591
0.16021986305713654
0.13531871140003204
0.13899502158164978
0.1629095822572708
0.13645559549331665
0.2564999759197235
0.18033932149410248
0.12385684996843338
0.19122876226902008
0.14200925827026367
0.1675126701593399
0.22968074679374695
0.24475206434726715
0.10759741812944412
0.1089199110865593
0.15489299595355988
0.10875710844993591
0.06127209961414337
0.13041076064109802
0.11862190812826157
0.022774048149585724
0.21469897031784058
0.15934185683727264
0.23957689106464386
0.1660558432340622
0.10164527595043182
0.01205393671989441
0.22472937405109406
0.11008847504854202
0.09686390310525894
0.14668361842632294
0.18851283192634583
0.18347561359405518
0.17059320211410522
0.10524412244558334
0.13069823384284973
0.13483460247516632
0.1147412359714508
0.2337709218263626
0.22299672663211823
0.17822791635990143
0.11984207481145859
0.13232451677322388
0.23125042021274567
0.11444265395402908
0.20591634511947632
0.23902803659439087
0.09052564203739166
0.05346868932247162
0.19963960349559784
0.17169871926307678
0.14536988735198975
0.07282371073961258
0.12142527103424072
0.12311654537916183
0.10532879084348679
0.10792684555053711
0.14390629529953003
0.19312028586864471
0.19658049941062927
0.11536353081464767
0.19463825225830078
0.11941219866275787
0.14012692868709564
0.2750606834888458
0.1857154220342636
0.17640742659568787
0.12989680469036102
0.0817900076508522
0.12982574105262756
0.26276329159736633
0.1219596117734909
0.23482760787010193
0.20036819577217102
0.12518513202667236
0.10131032764911652
0.20807673037052155
0.19662292301654816
0.1455870121717453
0.25480395555496216
0.17218974232673645
0.14025245606899261
0.17884407937526703
0.112783282995224
0.2332267016172409
0.18375711143016815
0.18001095950603485
0.1676289439201355
0.18568959832191467
0.16132479906082153
0.19519269466400146
0.1454840898513794
0.11635351181030273
0.12914299964904785
0.07634632289409637
0.1361324042081833
0.2379821091890335
0.11891812831163406
0.19885429739952087
0.30984488129615784
0.19998246431350708
0.16178607940673828
0.20324790477752686
0.1584961712360382
0.16081635653972626
0.15084689855575562
0.12605348229408264
0.13601090013980865
0.20173875987529755
0.2726084589958191
0.23707802593708038
0.14374756813049316
0.20636411011219025
0.10570541769266129
0.17729929089546204
0.19679108262062073
0.19934655725955963
0.12914061546325684
0.14088033139705658
0.145353764295578
0.1441614180803299
0.18780329823493958
0.10133353620767593
0.12945601344108582
0.18483416736125946
0.1567106693983078
0.13755503296852112
0.18455666303634644
0.16273684799671173
0.2495705634355545
0.1917688399553299
0.08736657351255417
0.12558317184448242
0.14006491005420685
0.15525802969932556
0.1885809302330017
0.15193702280521393
0.1374686360359192
0.1778348684310913
0.24797891080379486
0.1450098603963852
0.2586679458618164
0.16817863285541534
0.11952731013298035
0.08072065562009811
0.1241917610168457
0.18775132298469543
0.12642157077789307
0.16041849553585052
0.21277382969856262
0.27146047353744507
0.15300169587135315
0.1799163669347763
0.1750527173280716
0.10464516282081604
0.16889089345932007
0.11786109209060669
0.10579841583967209
0.2574618458747864
0.2264108508825302
0.09762103110551834
0.17218546569347382
0.1269626021385193
0.15404513478279114
0.21873843669891357
0.18985606729984283
0.1276361048221588
0.13704925775527954
0.18364809453487396
0.07390112429857254
0.0934658870100975
0.22051028907299042
0.2036372572183609
0.16044898331165314
0.08180487155914307
0.09122195839881897
0.12145473062992096
0.15841083228588104
0.2173992246389389
0.17503923177719116
0.22863422334194183
0.22491423785686493
0.11090102046728134
0.21476513147354126
0.20535144209861755
0.18508344888687134
0.2038690596818924
0.1005641296505928
0.18546049296855927
0.07846397906541824
0.12833453714847565
0.14674779772758484
0.1434965580701828
0.19045007228851318
0.21416544914245605
0.06076918914914131
0.13852962851524353
0.12222828716039658
0.18672297894954681
0.20532435178756714
0.18814720213413239
0.19169729948043823
0.17494288086891174
0.21470949053764343
0.1852295994758606
0.15912416577339172
0.17747780680656433
0.12679044902324677
0.19867108762264252
0.08418499678373337
0.12735077738761902
0.1699819415807724
0.1662961095571518
0.08699283748865128
0.21968021988868713
0.23347534239292145
0.09947684407234192
0.17514416575431824
0.17902326583862305
0.22114945948123932
0.13098889589309692
0.09311047196388245
0.1612684577703476
0.09062134474515915
0.10935134440660477
0.18676137924194336
0.0924588143825531
0.11090315878391266
0.15452338755130768
0.2392348200082779
0.17878246307373047
0.16983944177627563
0.2959846556186676
0.028711631894111633
0.1293395757675171
0.1065131425857544
0.19049300253391266
0.12896513938903809
0.15032687783241272
0.16722935438156128
0.15151581168174744
0.10319800674915314
0.25748512148857117
0.17369182407855988
0.09307536482810974
0.16977891325950623
0.10616439580917358
0.12326597422361374
0.15283319354057312
0.1749640554189682
0.19525060057640076
0.16642263531684875
0.16791334748268127
0.16463664174079895
0.1366456001996994
0.15266531705856323
0.06765839457511902
0.19850733876228333
0.12983767688274384
0.12335802614688873
0.14365699887275696
0.1318499594926834
0.1216108575463295
0.15340562164783478
0.21067480742931366
0.15058563649654388
0.18018794059753418
0.1560685783624649
0.08853068947792053
0.16852998733520508
0.17246495187282562
0.12045891582965851
0.12130880355834961
0.19022640585899353
0.10928808152675629
0.1777896285057068
0.12580931186676025
0.18292118608951569
0.20422033965587616
0.11834195256233215
0.17768020927906036
0.0745808556675911
0.17613038420677185
0.20128342509269714
0.15146274864673615
0.2053244560956955
0.27675703167915344
0.17798173427581787
0.1630004346370697
0.17600275576114655
0.18682017922401428
0.1568126380443573
0.17035529017448425
0.2773853540420532
0.17550063133239746
0.16267654299736023
0.09937708079814911
0.1395123451948166
0.13434173166751862
0.27043259143829346
0.1537795215845108
0.1503637433052063
0.1716272234916687
0.16151021420955658
0.12371527403593063
0.20571665465831757
0.09697531908750534
0.09428194165229797
0.2205800861120224
0.06589870154857635
0.19943363964557648
0.1723642200231552
0.1147366315126419
0.2092660665512085
0.11438404768705368
0.2583739161491394
0.11520446091890335
0.2191523015499115
0.1232742890715599
0.10955702513456345
0.15266160666942596
0.14093194901943207
0.20696480572223663
0.142933651804924
0.2149798423051834
0.18691319227218628
0.2200208604335785
0.21937720477581024
0.07591163367033005
0.10314925760030746
0.3356483280658722
0.0981847271323204
0.17555367946624756
0.1577826291322708
0.19030119478702545
0.22034668922424316
0.31998735666275024
0.09590562433004379
0.11428595334291458
0.16860489547252655
0.2729129493236542
0.09781943261623383
0.10143037885427475
0.1452195644378662
0.15330944955348969
0.2046855241060257
0.1307544708251953
0.10449466854333878
0.1747700273990631
0.23784901201725006
0.1514529585838318
0.27148324251174927
0.11996165663003922
0.1538042277097702
0.20650310814380646
0.1986057460308075
0.23645374178886414
0.17963655292987823
0.14072364568710327
0.1208658516407013
0.1454356163740158
0.1391972452402115
0.15368421375751495
0.16669437289237976
0.165581613779068
0.254323273897171
0.11720877140760422
0.13773581385612488
0.36259573698043823
0.14501915872097015
0.23470661044120789
0.18349908292293549
0.13596762716770172
0.08976034820079803
0.18687263131141663
0.16409090161323547
0.10625860095024109
0.11730852723121643
0.15083454549312592
0.3174682557582855
0.18160252273082733
0.14101287722587585
0.16310030221939087
0.14564038813114166
0.2310950756072998
0.16018760204315186
0.1332402378320694
0.16860972344875336
0.24867406487464905
0.14063720405101776
0.2214725762605667
0.19768014550209045
0.18379388749599457
0.12516294419765472
0.11169861257076263
0.13003908097743988
0.16183887422084808
0.19061598181724548
0.10371491312980652
0.08999274671077728
0.18386515974998474
0.20490719377994537
0.1943194717168808
0.19184784591197968
0.11289194971323013
0.13507957756519318
0.11156576126813889
0.11384368687868118
0.1231134682893753
0.16975677013397217
0.1907319277524948
0.07564964890480042
0.12895485758781433
0.27739548683166504
0.0738111212849617
0.12403571605682373
0.17333173751831055
0.23626261949539185
0.15409408509731293
0.14596767723560333
0.11410463601350784
0.10384822636842728
0.14048150181770325
0.20771479606628418
0.176655113697052
0.16642345488071442
0.13502639532089233
0.13534428179264069
0.176179900765419
0.23101145029067993
0.16244828701019287
0.22976453602313995
0.185292050242424
0.1458122283220291
0.1793135106563568
0.08378973603248596
0.10936293005943298
0.22109855711460114
0.28791964054107666
0.18477052450180054
0.11574415862560272
0.05856775864958763
0.14687548577785492
0.20413519442081451
0.13972195982933044
0.15914414823055267
0.09254369139671326
0.08907269686460495
0.14606519043445587
0.11344338208436966
0.1933998465538025
0.20584535598754883
0.15835823118686676
0.15226197242736816
0.20320196449756622
0.18045927584171295
0.1031549945473671
0.13046982884407043
0.1739877462387085
0.12257706373929977
0.13454173505306244
0.1401500105857849
0.22768400609493256
0.17533747851848602
0.200807124376297
0.14885835349559784
0.1575915813446045
0.15868140757083893
0.06414209306240082
0.15797297656536102
0.09551801532506943
0.18822939693927765
0.13909058272838593
0.10124871134757996
0.09603466093540192
0.21269328892230988
0.17341479659080505
0.1715630292892456
0.1670684516429901
0.1214585229754448
0.1580403447151184
0.12020202726125717
0.18595314025878906
0.2305401861667633
0.11424889415502548
0.20365691184997559
0.16917796432971954
0.22780577838420868
0.15928266942501068
0.2388075441122055
0.20465409755706787
0.22030822932720184
0.21556861698627472
0.1764691323041916
0.13017494976520538
0.11848893761634827
0.20691300928592682
0.22854436933994293
0.14043888449668884
0.12927640974521637
0.04806985706090927
0.09365122020244598
0.1309201866388321
0.1905350238084793
0.1542407125234604
0.0930895060300827
0.1992415487766266
0.11245859414339066
0.08968489617109299
0.1560000479221344
0.17957094311714172
0.18585306406021118
0.16185086965560913
0.17512717843055725
0.1794939786195755
0.1738957315683365
0.12259051948785782
0.1935662478208542
0.20634102821350098
0.18156743049621582
0.292387992143631
0.12055039405822754
0.15781454741954803
0.128355011343956
0.21072465181350708
0.10292483866214752
0.14809061586856842
0.236741304397583
0.0628591850399971
0.20195898413658142
0.17752784490585327
0.229561448097229
0.11610918492078781
0.1810348778963089
0.21089860796928406
0.1478370577096939
0.13452740013599396
0.0904831513762474
0.26065701246261597
0.1450597643852234
0.08717937022447586
0.14584508538246155
0.11586790531873703
0.05266847088932991
0.13453461229801178
0.0818045362830162
0.16650041937828064
0.14786645770072937
0.11312812566757202
0.11809954792261124
0.15961386263370514
0.1310306042432785
0.13037768006324768
0.21219538152217865
0.26479482650756836
0.16985207796096802
0.3105141520500183
0.13535284996032715
0.1463547945022583
0.24876566231250763
0.18691059947013855
0.16375142335891724
0.14980602264404297
0.19424089789390564
0.1535431295633316
0.10601021349430084
0.11710268259048462
0.1628952920436859
0.10402397066354752
0.19810102880001068
0.1692841649055481
0.16038572788238525
0.12379252165555954
0.123921699821949
0.11473702639341354
0.2259906381368637
0.11891847103834152
0.0858144536614418
0.09497074037790298
0.17907099425792694
0.12225054204463959
0.2007366269826889
0.14832273125648499
0.1501326709985733
0.1977941393852234
0.38380956649780273
0.21432645618915558
0.0934690609574318
0.15968669950962067
0.22388184070587158
0.2199811190366745
0.13015905022621155
0.22360432147979736
0.14355461299419403
0.09317733347415924
0.1929824948310852
0.0763637125492096
0.06583057343959808
0.1967499554157257
0.1220531314611435
0.22207088768482208
0.12555934488773346
0.13229508697986603
0.1906147003173828
0.1105784922838211
0.11799582839012146
0.0917816236615181
0.17087943851947784
0.05755738914012909
0.11912953108549118
0.11837571859359741
0.18719202280044556
0.16514089703559875
0.20749622583389282
0.18257655203342438
0.1668790876865387
0.20953719317913055
0.22268134355545044
0.1118713989853859
0.24551571905612946
0.19139645993709564
0.13935880362987518
0.12869660556316376
0.1723218560218811
0.1833695024251938
0.12572745978832245
0.1511799842119217
0.11717677861452103
0.10654628276824951
0.15665575861930847
0.1519802063703537
0.2758757472038269
0.22873444855213165
0.15009859204292297
0.1405351758003235
0.18483343720436096
0.12233778089284897
0.21813146770000458
0.14807885885238647
0.220696359872818
0.19822050631046295
0.15734022855758667
0.1723787784576416
0.1273588389158249
0.16914866864681244
0.24628478288650513
0.17072619497776031
0.1666959822177887
0.05997731536626816
0.1614750176668167
0.18083456158638
0.11558915674686432
0.17388629913330078
0.07730091363191605
0.12156949192285538
0.10091263055801392
0.31644147634506226
0.05841473862528801
0.1711229681968689
0.20191757380962372
0.17263059318065643
0.15641120076179504
0.13034318387508392
0.18686543405056
0.17981737852096558
0.1430174708366394
0.15615098178386688
0.16085417568683624
0.2011636197566986
0.18902504444122314
0.08328152447938919
0.12460421025753021
0.11972730606794357
0.222690612077713
0.14993999898433685
0.2691998779773712
0.050211116671562195
0.17560334503650665
0.10114382952451706
0.12140458077192307
0.1643202006816864
0.16882900893688202
0.2065763771533966
0.10728675872087479
0.17439399659633636
0.15488772094249725
0.16709189116954803
0.07867085933685303
0.19698038697242737
0.2177751511335373
0.092864491045475
0.1955179125070572
0.13954967260360718
0.20135283470153809
0.03782125934958458
0.1917935162782669
0.18014521896839142
0.36933133006095886
0.1397756189107895
0.13202543556690216
0.0321955680847168
0.10891737043857574
0.2606673240661621
0.10725470632314682
0.2032976895570755
0.11346037685871124
0.1833471804857254
0.24600286781787872
0.06476821005344391
0.15349052846431732
0.1598225086927414
0.0764198899269104
0.1080605760216713
0.1509590595960617
0.14682520925998688
0.13868571817874908
0.16155453026294708
0.09088830649852753
0.10179968923330307
0.1538749635219574
0.1906982958316803
0.12632091343402863
0.28099822998046875
0.16224579513072968
0.13656504452228546
0.1108299195766449
0.07394609600305557
0.1260758936405182
0.15647296607494354
0.09953173249959946
0.07916812598705292
0.1080380380153656
0.07002279907464981
0.12647584080696106
0.1670934408903122
0.1836743801832199
0.10611286759376526
0.19153155386447906
0.11091730743646622
0.13158345222473145
0.17297221720218658
0.09687614440917969
0.15363116562366486
0.12755581736564636
0.12929296493530273
0.0986870676279068
0.11959284543991089
0.1423839032649994
0.09825535863637924
0.16470642387866974
0.19010111689567566
0.08224282413721085
0.09045503288507462
0.18790963292121887
0.07168104499578476
0.20922014117240906
0.3215092718601227
0.1553495228290558
0.07130654901266098
0.18238979578018188
0.06584030389785767
0.18555685877799988
0.19428935647010803
0.14960838854312897
0.20133265852928162
0.18811404705047607
0.12163257598876953
0.3051467537879944
0.20799706876277924
0.09795469045639038
0.10516377538442612
0.16157697141170502
0.1854158639907837
0.17064911127090454
0.09322863072156906
0.09033432602882385
0.11531510949134827
0.1027749627828598
0.13808394968509674
0.1539772003889084
0.09578398615121841
0.22024376690387726
0.23111101984977722
0.2106170952320099
0.22336331009864807
0.1742137223482132
0.10702404379844666
0.14858828485012054
0.16325464844703674
0.13147136569023132
0.04918032884597778
0.12426607310771942
0.19403797388076782
0.10266092419624329
0.14224505424499512
0.2701950967311859
0.11304102838039398
0.2571452558040619
0.2015543133020401
0.12034238129854202
0.16299046576023102
0.13068410754203796
0.1857326775789261
0.08583158254623413
0.16654150187969208
0.16780227422714233
0.13784313201904297
0.1511012762784958
0.15620017051696777
0.09947177022695541
0.2194388210773468
0.18833109736442566
0.11726943403482437
0.1286318600177765
0.16801372170448303
0.2574542462825775
0.08167006820440292
0.10603225231170654
0.08655612915754318
0.22053392231464386
0.15370851755142212
0.13967837393283844
0.24176080524921417
0.2295457124710083
0.07494240999221802
0.3108675181865692
0.1599431037902832
0.07659822702407837
0.23214633762836456
0.5615360736846924
0.10506842285394669
0.06754517555236816
0.10389964282512665
0.16709193587303162
0.09441050887107849
0.18142060935497284
0.15922217071056366
0.27258768677711487
0.09098918735980988
0.2411283254623413
0.11778341233730316
0.10753241926431656
0.08632973581552505
0.10573572665452957
0.07164455950260162
0.13364055752754211
0.144523024559021
0.2098488062620163
0.2815842926502228
0.3069555461406708
0.06123574078083038
0.14999155700206757
0.18583033978939056
0.09214730560779572
0.11193180084228516
0.18964265286922455
0.1991729587316513
0.18218468129634857
0.11649619042873383
0.10376658290624619
0.14862403273582458
0.11506854742765427
0.06273745000362396
0.17017129063606262
0.16214841604232788
0.14655759930610657
0.10618860274553299
0.08493655174970627
0.12273623049259186
0.1623043715953827
0.18799157440662384
0.17087510228157043
0.14091075956821442
0.09813494980335236
0.1657828986644745
0.1006452813744545
0.15430541336536407
0.26135388016700745
0.12508141994476318
0.163427472114563
0.13837046921253204
0.10407785326242447
0.21060709655284882
0.13560500741004944
0.1645515263080597
0.12398912757635117
0.20714996755123138
0.09488075971603394
0.1493929922580719
0.21858404576778412
0.12722022831439972
0.12564757466316223
0.10422073304653168
0.20484206080436707
0.2108473926782608
0.1453060805797577
0.23125892877578735
0.12672170996665955
0.12768560647964478
0.15958692133426666
0.12404932826757431
0.07129278779029846
0.10420635342597961
0.27335938811302185
0.11532871425151825
0.10417864471673965
0.06927145272493362
0.19262084364891052
0.19846630096435547
0.21931219100952148
0.06629058718681335
0.23422770202159882
0.2884695827960968
0.2814604341983795
0.05356958881020546
0.06365296244621277
0.14867977797985077
0.09944126009941101
0.1670914739370346
0.14394229650497437
0.20017816126346588
0.15831990540027618
0.19814175367355347
0.08976248651742935
0.1948295533657074
0.1094362661242485
0.1599484086036682
0.15179213881492615
0.11321843415498734
0.14037072658538818
0.13171051442623138
0.16205038130283356
0.25785499811172485
0.11359593272209167
0.1251315474510193
0.12963257730007172
0.25311535596847534
0.2493128478527069
0.11014676839113235
0.15499021112918854
0.16109342873096466
0.12890096008777618
0.33629846572875977
0.20347590744495392
0.13957160711288452
0.15727554261684418
0.21075282990932465
0.1533018797636032
0.07093402743339539
0.13286100327968597
0.19943726062774658
0.10462076961994171
0.18674542009830475
0.1538621187210083
0.2355106621980667
0.15497669577598572
0.15083390474319458
0.13299331068992615
0.32292214035987854
0.3312714099884033
0.1670990139245987
0.17360574007034302
0.16705240309238434
0.14375005662441254
0.18193480372428894
0.15525925159454346
0.1369846761226654
0.0892171561717987
0.21970556676387787
0.24902676045894623
0.1013643890619278
0.11548522114753723
0.16824792325496674
0.1273982673883438
0.14870235323905945
0.18617823719978333
0.08827987313270569
0.20631983876228333
0.13950608670711517
0.0982852503657341
0.21139636635780334
0.10530445724725723
0.1535286009311676
0.07406263798475266
0.16291378438472748
0.19157013297080994
0.09915521740913391
0.18344424664974213
0.1336894929409027
0.15242622792720795
0.10226437449455261
0.19130009412765503
0.1907481551170349
0.19375373423099518
0.07928896695375443
0.12691617012023926
0.12393419444561005
0.13273568451404572
0.21288225054740906
0.09728144109249115
0.19611108303070068
0.22467918694019318
0.25549376010894775
0.12324175238609314
0.042404599487781525
0.14525052905082703
0.06468416750431061
0.10713324695825577
0.10113073885440826
0.2524723708629608
0.1310785561800003
0.10165899246931076
0.20495633780956268
0.11827744543552399
0.09707362204790115
0.1679806411266327
0.2884805500507355
0.11866897344589233
0.1593116968870163
0.16017794609069824
0.054342932999134064
0.16803933680057526
0.15406812727451324
0.14478883147239685
0.16296793520450592
0.17418187856674194
0.21964673697948456
0.11106517910957336
0.05678234249353409
0.17413532733917236
0.1670624166727066
0.26060348749160767
0.24237637221813202
0.13255846500396729
0.1091415211558342
0.14774449169635773
0.1384618878364563
0.12192222476005554
0.2066105306148529
0.10620628297328949
0.1025676503777504
0.12907209992408752
0.06120483577251434
0.005390926729887724
0.168898344039917
0.10774931311607361
0.12060127407312393
0.09238801151514053
0.10176010429859161
0.17101041972637177
0.20927926898002625
0.11282739043235779
0.03559444099664688
0.15094871819019318
0.11446691304445267
0.09186472743749619
0.17478200793266296
0.16902002692222595
0.21845068037509918
0.1300019472837448
0.07585401087999344
0.09635582566261292
0.08115936815738678
0.26512300968170166
0.12719272077083588
0.07503209263086319
0.13507135212421417
0.14721210300922394
0.18209798634052277
0.0397658608853817
0.1593014895915985
0.08689521253108978
0.15090826153755188
0.18228919804096222
0.12591932713985443
0.10006583482027054
0.2672494947910309
0.21751436591148376
0.3103892505168915
0.20355570316314697
0.15920063853263855
0.1784350872039795
0.1792069524526596
0.14021839201450348
0.1721733659505844
0.16061405837535858
0.18364602327346802
0.12638327479362488
0.11816763877868652
0.11311011016368866
0.15241886675357819
0.2868797779083252
0.1159026026725769
0.14207957684993744
0.13866594433784485
0.11877930164337158
0.2987654209136963
0.17163728177547455
0.24087074398994446
0.24918381869792938
0.16889116168022156
0.07155267149209976
0.21056689321994781
0.13558804988861084
0.2132052630186081
0.21574626863002777
0.16943489015102386
0.08234266191720963
0.09261628985404968
0.19945022463798523
0.12517927587032318
0.16279536485671997
0.13921517133712769
0.11795362085103989
0.1507357358932495
0.23032146692276
0.18129989504814148
0.1878160536289215
0.16247521340847015
0.14474594593048096
0.16589318215847015
0.16665132343769073
0.11149195581674576
0.06527328491210938
0.12907834351062775
0.06145220622420311
0.22645708918571472
0.11624167114496231
0.19296015799045563
0.13198822736740112
0.1241595596075058
0.1976529210805893
0.1886877566576004
0.15982143580913544
0.1570291817188263
0.17962436378002167
0.11510869860649109
0.13698667287826538
0.08527899533510208
0.08520962297916412
0.1524602472782135
0.10247576981782913
0.08391853421926498
0.13251113891601562
0.1270931512117386
0.08501311391592026
0.19743171334266663
0.1364438682794571
0.1619844138622284
0.19204919040203094
0.2165566235780716
0.2249346524477005
0.11035647988319397
0.1235731989145279
0.18198859691619873
0.04783186316490173
0.15880873799324036
0.13236123323440552
0.03662024438381195
0.18058988451957703
0.1764751672744751
0.14638064801692963
0.2161881923675537
0.13027429580688477
0.16240417957305908
0.1293703317642212
0.0590585395693779
0.13977070152759552
0.15861092507839203
0.16664151847362518
0.14004506170749664
0.1407630443572998
0.14136093854904175
0.12087079882621765
0.04065757617354393
0.16540022194385529
0.09094568341970444
0.08117754012346268
0.09163152426481247
0.09150996804237366
0.22723375260829926
0.24838043749332428
0.12304595857858658
0.0855713039636612
0.15940766036510468
0.1731916069984436
0.11847437918186188
0.18214239180088043
0.142629012465477
0.10239095240831375
0.21006762981414795
0.11712592095136642
0.19413615763187408
0.2597413957118988
0.10090413689613342
0.12986433506011963
0.18390193581581116
0.09710551798343658
0.19560910761356354
0.08748147636651993
0.15875552594661713
0.15999430418014526
0.19662466645240784
0.0883711501955986
0.19496189057826996
0.1852148324251175
0.1558968424797058
0.14458449184894562
0.1631280928850174
0.16478948295116425
0.11180273443460464
0.16067640483379364
0.1603384017944336
0.11921921372413635
0.22394591569900513
0.121226467192173
0.12586504220962524
0.08112096041440964
0.16115351021289825
0.11768096685409546
0.17994670569896698
0.13262587785720825
0.15642060339450836
0.1702248901128769
0.07897257059812546
0.15926936268806458
0.10446373373270035
0.19025591015815735
0.08020325750112534
0.07644563913345337
0.12048681080341339
0.15820147097110748
0.12454090267419815
0.12828968465328217
0.1277756541967392
0.13173092901706696
0.15647409856319427
0.1084696426987648
0.1654503047466278
0.12903520464897156
0.06572457402944565
0.1671498864889145
0.13962051272392273
0.1912434846162796
0.20229415595531464
0.08627141267061234
0.19206322729587555
0.184651181101799
0.09034967422485352
0.2139868289232254
0.13717080652713776
0.10253918915987015
0.1254650205373764
0.14467473328113556
0.1445031464099884
0.10495804250240326
0.1863829344511032
0.11790628731250763
0.2583657503128052
0.15800346434116364
0.12140937149524689
0.11869991570711136
0.007046468555927277
0.1627434641122818
0.13700780272483826
0.173308864235878
0.11678064614534378
0.17574846744537354
0.08286325633525848
0.22832100093364716
0.13535435497760773
0.1284446269273758
0.12209954112768173
0.1789715439081192
0.1716490387916565
0.2353515625
0.19713029265403748
0.07478424161672592
0.25050660967826843
0.15062959492206573
0.0860203430056572
0.208506241440773
0.22225409746170044
0.2975708246231079
0.09237884730100632
0.20026719570159912
0.028888560831546783
0.07663488388061523
0.14223071932792664
0.14263159036636353
0.10882551223039627
0.18038445711135864
0.13831564784049988
0.2759305238723755
0.09034845978021622
0.19068442285060883
0.12234877049922943
0.21233981847763062
0.10909610986709595
0.15339843928813934
0.11115597188472748
0.10059230774641037
0.2704751193523407
0.21372754871845245
0.1145486831665039
0.17211119830608368
0.1649622619152069
0.24770617485046387
0.1887490302324295
0.15587495267391205
0.1796155869960785
0.23937749862670898
0.11483386158943176
0.1825355589389801
0.10803473740816116
0.056398145854473114
0.10579057037830353
0.11012562364339828
0.07979936897754669
0.1767510324716568
0.07461961358785629
0.11402562260627747
0.13019709289073944
0.16533209383487701
0.11471089720726013
0.13785485923290253
0.2016354501247406
0.1159261167049408
0.10188134014606476
0.15567098557949066
0.023660937324166298
0.15263693034648895
0.14622445404529572
0.1786315143108368
0.09840928763151169
0.16188664734363556
0.18378303945064545
0.17783822119235992
0.0821109414100647
0.1512829214334488
0.13560089468955994
0.14956140518188477
0.1783229261636734
0.11229098588228226
0.1715840995311737
0.18111707270145416
0.14433956146240234
0.10890728235244751
0.09036822617053986
0.3694547116756439
0.10562029480934143
0.2165932059288025
0.16762766242027283
0.14088064432144165
0.19433124363422394
0.18498247861862183
0.12091724574565887
0.13723668456077576
0.1927325278520584
0.23275890946388245
0.0894821509718895
0.12735803425312042
0.37038037180900574
0.05600016936659813
0.15795502066612244
0.17260074615478516
0.16583259403705597
0.15494225919246674
0.20737741887569427
0.16774813830852509
0.1265556365251541
0.19600269198417664
0.14340607821941376
0.14376935362815857
0.07676573842763901
0.12543870508670807
0.2012425661087036
0.12938489019870758
0.1383039355278015
0.14459508657455444
0.13008803129196167
0.11305186152458191
0.11577962338924408
0.12951406836509705
0.20300625264644623
0.19649972021579742
0.1441200226545334
0.193264439702034
0.1044488474726677
0.07822848111391068
0.22595961391925812
0.17003700137138367
0.12524858117103577
0.1438491940498352
0.08804154396057129
0.15937630832195282
0.20641520619392395
0.17287027835845947
0.16083598136901855
0.15537641942501068
0.10821578651666641
0.12463928759098053
0.14583197236061096
0.2096492499113083
0.1435067355632782
0.06468722224235535
0.05440044775605202
0.13602536916732788
0.10536382347345352
0.173307403922081
0.21507585048675537
0.15481054782867432
0.1579224020242691
0.044159892946481705
0.23140940070152283
0.16374360024929047
0.1449633091688156
0.16122125089168549
0.12264987081289291
0.19029834866523743
0.1565910428762436
0.3046729564666748
0.11161360889673233
0.1128489300608635
0.12587697803974152
0.26490291953086853
0.18505904078483582
0.13995222747325897
0.17196373641490936
0.22178393602371216
0.3338683247566223
0.08134754747152328
0.16912460327148438
0.07006409764289856
0.15849651396274567
0.1547476053237915
0.15326283872127533
0.10258562862873077
0.2532919645309448
0.08164993673563004
0.11998192220926285
0.16461396217346191
0.1551727056503296
0.15044525265693665
0.05280505493283272
0.15939009189605713
0.10294806957244873
0.1291053295135498
0.1941329538822174
0.22287851572036743
0.21686337888240814
0.10744084417819977
0.13551165163516998
0.09047845751047134
0.2167074978351593
0.17045772075653076
0.10422948002815247
0.1269846260547638
0.19309307634830475
0.21452458202838898
0.1389969140291214
0.25028136372566223
0.2048560082912445
0.060729093849658966
0.09001366049051285
0.17450568079948425
0.1701650619506836
0.1867198795080185
0.14552438259124756
0.19748298823833466
0.12282131612300873
0.17741727828979492
0.17105551064014435
0.1674199104309082
0.15146128833293915
0.14424651861190796
0.15597359836101532
0.15821997821331024
0.15249036252498627
0.08272088319063187
0.1674281358718872
0.09297313541173935
0.150385320186615
0.1829865425825119
0.11319506913423538
0.0806516781449318
0.13459251821041107
0.1811530888080597
0.1865924447774887
0.1367466151714325
0.15601801872253418
0.09119925647974014
0.18518252670764923
0.16362003982067108
0.15930218994617462
0.1508990079164505
0.20649950206279755
0.2113218456506729
0.0893794521689415
0.21366919577121735
0.16589531302452087
0.15200163424015045
0.16591832041740417
0.12187018990516663
0.15953412652015686
0.157057985663414
0.13888892531394958
0.14663846790790558
0.24279066920280457
0.15471261739730835
0.14552193880081177
0.12718380987644196
0.1165459081530571
0.13333794474601746
0.12669764459133148
0.20792913436889648
0.19185388088226318
0.09910854697227478
0.11058713495731354
0.2599104642868042
0.08294112980365753
0.18654145300388336
0.06431686133146286
0.12495340406894684
0.15778444707393646
0.21371275186538696
0.18280810117721558
0.14985162019729614
0.1114058643579483
0.0595439150929451
0.14190715551376343
0.14294514060020447
0.1518441140651703
0.22711898386478424
0.24159233272075653
0.18101006746292114
0.09315226972103119
0.15787820518016815
0.13093073666095734
0.13474150002002716
0.07789546251296997
0.17530393600463867
0.2008403092622757
0.12946829199790955
0.07550043612718582
0.1757066696882248
0.17999234795570374
0.16167061030864716
0.09491723030805588
0.14628833532333374
0.1315843164920807
0.13471655547618866
0.09674933552742004
0.17347131669521332
0.17107370495796204
0.11662802845239639
0.20761148631572723
0.07386530190706253
0.10094378143548965
0.11969684064388275
0.15736159682273865
0.13390542566776276
0.0848710685968399
0.16089099645614624
0.11962798982858658
0.020613474771380424
0.28863874077796936
0.18103854358196259
0.13383351266384125
0.10961155593395233
0.30261266231536865
0.2321726232767105
0.1469489485025406
0.14954541623592377
0.10732852667570114
0.06377433985471725
0.12112720310688019
0.16389568150043488
0.22561509907245636
0.10299708694219589
0.1532619297504425
0.22463789582252502
0.20250585675239563
0.0839630588889122
0.10510443896055222
0.11188855767250061
0.05144210904836655
0.08507893979549408
0.0950002670288086
0.18053480982780457
0.08616836369037628
0.2627204954624176
0.1591310352087021
0.32501426339149475
0.1402837038040161
0.18515519797801971
0.11633986979722977
0.09421601891517639
0.06730038672685623
0.20594266057014465
0.2579500079154968
0.11510371416807175
0.14587490260601044
0.10888512432575226
0.10627003014087677
0.09855649620294571
0.13967430591583252
0.18386664986610413
0.15480896830558777
0.166737899184227
0.18668416142463684
0.19238495826721191
0.22096888720989227
0.1657702773809433
0.12189043313264847
0.05737195909023285
0.15335147082805634
0.26869359612464905
0.12729881703853607
0.13534274697303772
0.15936706960201263
0.13237935304641724
0.07758685946464539
0.07280576229095459
0.02643488347530365
0.10980527102947235
0.2175404578447342
0.11208581179380417
0.1965104043483734
0.20187582075595856
0.15303504467010498
0.1715829223394394
0.15237754583358765
0.13341109454631805
0.1557815968990326
0.14687763154506683
0.16251333057880402
0.22348156571388245
0.1678190380334854
0.18674282729625702
0.16728456318378448
0.09067060798406601
0.030499719083309174
0.1386565864086151
0.17961035668849945
0.3303615152835846
0.059603095054626465
0.15397727489471436
0.22757479548454285
0.1218121200799942
0.16677947342395782
0.17141199111938477
0.06386500597000122
0.18953675031661987
0.14646993577480316
0.38693857192993164
0.05096381530165672
0.14661739766597748
0.23742735385894775
0.11903540045022964
0.19377189874649048
0.2000771164894104
0.1948852390050888
0.1145513504743576
0.11916978657245636
0.12484749406576157
0.1223466545343399
0.18929331004619598
0.19743862748146057
0.11499453336000443
0.09458576887845993
0.08708720654249191
0.15631556510925293
0.129933163523674
0.21548591554164886
0.13594675064086914
0.10377836972475052
0.19013123214244843
0.1367809772491455
0.11423473060131073
0.12697716057300568
0.08908291161060333
0.11199816316366196
0.18894606828689575
0.16842971742153168
0.1066126748919487
0.1511034369468689
0.21193963289260864
0.27202165126800537
0.1671895533800125
0.1268729567527771
0.2052878588438034
0.11165544390678406
0.08779433369636536
0.15757520496845245
0.1537168025970459
0.2328336089849472
0.15532590448856354
0.15354004502296448
0.09322632104158401
0.12259531766176224
0.15741990506649017
0.12573888897895813
0.16037188470363617
0.0827116072177887
0.1866377890110016
0.11682068556547165
0.14365477859973907
0.22176901996135712
0.1440403312444687
0.04168165475130081
0.14765743911266327
0.14563314616680145
0.11579176783561707
0.05022810772061348
0.1293574720621109
0.11079292744398117
0.127134308218956
0.11756641417741776
0.1321224570274353
0.22918710112571716
0.13349886238574982
0.1868298202753067
0.06690794974565506
0.13194707036018372
0.11201238632202148
0.16284924745559692
0.08621060848236084
0.14934106171131134
0.10937410593032837
0.09107828140258789
0.1823171079158783
0.2090531438589096
0.140160471200943
0.14969781041145325
0.12458059191703796
0.24765348434448242
0.17261171340942383
0.15191872417926788
0.2183535397052765
0.17347832024097443
0.09776754677295685
0.1370137631893158
0.18636064231395721
0.13244114816188812
0.17229332029819489
0.11719884723424911
0.2806868255138397
0.16878055036067963
0.21242362260818481
0.14962457120418549
0.057826291769742966
0.2512432336807251
0.05902181193232536
0.14326703548431396
0.22698858380317688
0.15918225049972534
0.20495536923408508
0.13144975900650024
0.14076951146125793
0.17673251032829285
0.15520434081554413
0.12009922415018082
0.1808159351348877
0.09324087202548981
0.11513319611549377
0.11965862661600113
0.14677990972995758
0.1440875381231308
0.17826645076274872
0.31190019845962524
0.15712831914424896
0.22498875856399536
0.2661830186843872
0.1560635268688202
0.2285742461681366
0.17237035930156708
0.14451687037944794
0.23341190814971924
0.25557026267051697
0.10040808469057083
0.17507508397102356
0.16619336605072021
0.1237315833568573
0.17443369328975677
0.12738262116909027
0.16802486777305603
0.21590135991573334
0.09851177036762238
0.20155788958072662
0.24024757742881775
0.07863780856132507
0.17244191467761993
0.19642624258995056
0.22320684790611267
0.10825236141681671
0.2049769014120102
0.11331687122583389
0.16767023503780365
0.17651225626468658
0.1602577269077301
0.10120949149131775
0.2039208561182022
0.2376527339220047
0.14457100629806519
0.22134295105934143
0.27604714035987854
0.18006739020347595
0.14699646830558777
0.12317235767841339
0.08851247280836105
0.17891690135002136
0.32614666223526
0.2694142758846283
0.16232220828533173
0.07175691425800323
0.08504129946231842
0.15612094104290009
0.11948796361684799
0.18725110590457916
0.1218457818031311
0.1829482764005661
0.09955329447984695
0.23604023456573486
0.20013689994812012
0.31006723642349243
0.06199691444635391
0.14744578301906586
0.09783342480659485
0.16233371198177338
0.22736966609954834
0.17636550962924957
0.21988089382648468
0.14710336923599243
0.07798033952713013
0.12742879986763
0.20242075622081757
0.1430324763059616
0.12667199969291687
0.1434585452079773
0.16375578939914703
0.16048437356948853
0.11366407573223114
0.1652747392654419
0.15786926448345184
0.12183396518230438
0.06858789175748825
0.13866360485553741
0.16710178554058075
0.07589259743690491
0.11333528161048889
0.14730429649353027
0.10444467514753342
0.05703059211373329
0.22401000559329987
0.2291802018880844
0.17953747510910034
0.10680694878101349
0.08537721633911133
0.19930635392665863
0.1674625277519226
0.13012944161891937
0.13262540102005005
0.30151835083961487
0.14587192237377167
0.10985557734966278
0.17779149115085602
0.0919157937169075
0.15003171563148499
0.08856432884931564
0.059132132679224014
0.17877522110939026
0.14907358586788177
0.23676438629627228
0.2405395656824112
0.1671958863735199
0.1176866814494133
0.14420805871486664
0.1771729439496994
0.29747843742370605
0.10969576984643936
0.12691381573677063
0.2103571593761444
0.1494828164577484
0.22498644888401031
0.12144581228494644
0.1268659085035324
0.05638512223958969
0.2552673816680908
0.0882597267627716
0.24194099009037018
0.17895743250846863
0.1669822782278061
0.22398152947425842
0.1746397614479065
0.14602932333946228
0.17602239549160004
0.21741363406181335
0.15166334807872772
0.21799904108047485
0.18191462755203247
0.07895471155643463
0.18930628895759583
0.10321176797151566
0.13393090665340424
0.1606256365776062
0.08744821697473526
0.17613543570041656
0.1635533720254898
0.1032157614827156
0.13068224489688873
0.1303609013557434
0.1438870131969452
0.0803050696849823
0.1633545309305191
0.11510303616523743
0.20417430996894836
0.13498614728450775
0.23267363011837006
0.17158012092113495
0.1315002143383026
0.16629444062709808
0.19052636623382568
0.14952437579631805
0.24776113033294678
0.10765852779150009
0.11872562766075134
0.11364573240280151
0.08671751618385315
0.07327216118574142
0.2303019016981125
0.11187523603439331
0.13001295924186707
0.2626461386680603
0.22059176862239838
0.18039920926094055
0.16273945569992065
0.09907837212085724
0.09280598908662796
0.15353336930274963
0.1965188831090927
0.2539016306400299
0.1186492070555687
0.05858546495437622
0.046521011739969254
0.18913444876670837
0.17121846973896027
0.11319509148597717
0.19460274279117584
0.11143869906663895
0.19825299084186554
0.20329518616199493
0.17466948926448822
0.1669207215309143
0.19570936262607574
0.1755952686071396
0.14480865001678467
0.16948916018009186
0.1907319724559784
0.17195874452590942
0.08788011223077774
0.16782046854496002
0.19680601358413696
0.08739721775054932
0.11268841475248337
0.1543508768081665
0.20637786388397217
0.193806990981102
0.13397635519504547
0.15325918793678284
0.11596311628818512
0.120096854865551
0.09765270352363586
0.11764425784349442
0.23141951858997345
0.19067136943340302
0.10626727342605591
0.19439107179641724
0.1739259958267212
0.13398079574108124
0.10895944386720657
0.20083081722259521
0.10836068540811539
0.17202049493789673
0.16546088457107544
0.14952486753463745
0.17545674741268158
0.37331631779670715
0.2164640873670578
0.08981740474700928
0.10004287958145142
0.1891341656446457
0.07212767004966736
0.11322643607854843
0.09680657088756561
0.08821190148591995
0.07721555978059769
0.1185227707028389
0.1273636519908905
0.20328260958194733
0.09738617390394211
0.28904083371162415
0.09593024104833603
0.1405199021100998
0.16566923260688782
0.09751486778259277
0.1729920655488968
0.09486544877290726
0.1856454312801361
0.1291125863790512
0.18737776577472687
0.20986045897006989
0.1512417197227478
0.2042754739522934
0.05792534723877907
0.12524019181728363
0.19305746257305145
0.12452492117881775
0.06483662128448486
0.11198439449071884
0.09874824434518814
0.09156373143196106
0.042144108563661575
0.19648529589176178
0.19549673795700073
0.07232782244682312
0.19002340734004974
0.09650757163763046
0.10148485004901886
0.16334596276283264
0.356778621673584
0.12904050946235657
0.09101215749979019
0.09213888645172119
0.14757101237773895
0.07581979036331177
0.19520233571529388
0.1095094159245491
0.1441577821969986
0.20069430768489838
0.1600404679775238
0.1656409651041031
0.13799385726451874
0.12508372962474823
0.10861694812774658
0.08732211589813232
0.20729757845401764
0.246910959482193
0.14878612756729126
0.14068934321403503
0.15472401678562164
0.13789039850234985
0.05956047773361206
0.09691530466079712
0.09215475618839264
0.06584558635950089
0.1986074298620224
0.1327866017818451
0.1743677854537964
0.13588044047355652
0.22247938811779022
0.08421818912029266
0.16935645043849945
0.09029599279165268
0.17711563408374786
0.11148180812597275
0.08535204827785492
0.1139160767197609
0.13166731595993042
0.06536654382944107
