0.7823112607002258
0.9004089832305908
0.6670936942100525
0.8389466404914856
0.9520008563995361
0.9394822716712952
0.7451027035713196
0.6593722701072693
0.6187787055969238
0.6936536431312561
0.5323193669319153
0.5960299372673035
0.5996719002723694
0.6327188014984131
0.5556073784828186
0.5217843055725098
0.5601653456687927
0.562863290309906
0.49367186427116394
0.4546968638896942
0.4082460105419159
0.4808184802532196
0.5132766962051392
0.42686471343040466
0.4432773292064667
0.35650312900543213
0.4917627274990082
0.5400597453117371
0.3694179654121399
0.4593553841114044
0.3214539587497711
0.4510554373264313
0.4194253981113434
0.38494834303855896
0.34983503818511963
0.3504782021045685
0.2331165075302124
0.3370437026023865
0.3713175058364868
0.1596032977104187
0.28157588839530945
0.25929901003837585
0.25726646184921265
0.3868447542190552
0.18188904225826263
0.16912171244621277
0.3319465219974518
0.3758372664451599
0.3140355050563812
0.22788971662521362
0.32677173614501953
0.17049337923526764
0.23604856431484222
0.299519807100296
0.22552597522735596
0.4144415557384491
0.21906374394893646
0.21829113364219666
0.35731321573257446
0.24272587895393372
0.287799596786499
0.24848848581314087
0.22182662785053253
0.2778564393520355
0.27651888132095337
0.17440275847911835
0.244308739900589
0.2720192074775696
0.26360780000686646
0.2589614987373352
0.18990075588226318
0.3413347601890564
0.2773994505405426
0.409227579832077
0.22403281927108765
0.29122495651245117
0.17494763433933258
0.2578265964984894
0.2130679041147232
0.25901469588279724
0.21401208639144897
0.17248159646987915
0.23988990485668182
0.21019722521305084
0.2238997519016266
0.3053651750087738
0.22119799256324768
0.2568751275539398
0.28322654962539673
0.11834770441055298
0.16762669384479523
0.20502926409244537
0.23953141272068024
0.1829429566860199
0.20375990867614746
0.20431724190711975
0.23800906538963318
0.39351320266723633
0.16603657603263855
0.37625476717948914
0.24069158732891083
0.186540886759758
0.29055774211883545
0.2598439157009125
0.2936876118183136
0.262861043214798
0.22574692964553833
0.17984747886657715
0.25203394889831543
0.13927674293518066
0.1973317414522171
0.18912677466869354
0.2122393399477005
0.14635133743286133
0.16814039647579193
0.19996212422847748
0.16785895824432373
0.1573689728975296
0.23369906842708588
0.1664147526025772
0.13797253370285034
0.25045695900917053
0.2774227261543274
0.20591238141059875
0.13778431713581085
0.09328563511371613
0.31590282917022705
0.19790150225162506
0.20624171197414398
0.2672085762023926
0.19604621827602386
0.1738981306552887
0.10602178424596786
0.24680714309215546
0.3525705933570862
0.31064438819885254
0.1530606597661972
0.10880304127931595
0.35408538579940796
0.23692630231380463
0.1243695467710495
0.270779013633728
0.164889857172966
0.10916614532470703
0.2974385619163513
0.22904886305332184
0.20372821390628815
0.131161168217659
0.13383454084396362
0.2334534227848053
0.15823566913604736
0.16373036801815033
0.21420910954475403
0.23835468292236328
0.17931585013866425
0.2209443747997284
0.23793186247348785
0.3496045768260956
0.29159775376319885
0.1863526701927185
0.45531442761421204
0.25817814469337463
0.22943685948848724
0.2054230272769928
0.24036367237567902
0.30955421924591064
0.24811647832393646
0.15136151015758514
0.22502577304840088
0.16347888112068176
0.24222798645496368
0.2922646403312683
0.25507545471191406
0.3293199837207794
0.16991904377937317
0.18468688428401947
0.28802400827407837
0.2585007846355438
0.24657991528511047
0.19731682538986206
0.2583055794239044
0.20596906542778015
0.2246989905834198
0.21499058604240417
0.2505607008934021
0.20174793899059296
0.16175933182239532
0.24649925529956818
0.18112163245677948
0.24187228083610535
0.16182228922843933
0.10521240532398224
0.09092467278242111
0.18140995502471924
0.2188309282064438
0.21267104148864746
0.20520438253879547
0.11904637515544891
0.2991724908351898
0.1362164169549942
0.2073257714509964
0.1902347058057785
0.1976192146539688
0.21631565690040588
0.16155366599559784
0.15556472539901733
0.3299494981765747
0.2532716989517212
0.15108095109462738
0.14151445031166077
0.11501242220401764
0.1817702054977417
0.1343938112258911
0.24310971796512604
0.2567676603794098
0.23460319638252258
0.14951945841312408
0.42633870244026184
0.23317809402942657
0.2758795917034149
0.20278842747211456
0.25747373700141907
0.2475469708442688
0.15344063937664032
0.2176886349916458
0.12322427332401276
0.20960433781147003
0.28277426958084106
0.14915180206298828
0.23261363804340363
0.09585334360599518
0.25227436423301697
0.2334086298942566
0.2641925811767578
0.15171058475971222
0.17211587727069855
0.13298097252845764
0.3408207297325134
0.38742586970329285
0.09971462935209274
0.1916991025209427
0.17552387714385986
0.08148632943630219
0.20689153671264648
0.14263533055782318
0.15645301342010498
0.2420860230922699
0.13672198355197906
0.1623862236738205
0.219125434756279
0.16240161657333374
0.13495402038097382
0.1164415255188942
0.20951534807682037
0.08683804422616959
0.1324893981218338
0.2799699008464813
0.1974058598279953
0.1306939721107483
0.24524809420108795
0.17723418772220612
0.3213750422000885
0.11883001029491425
0.12915855646133423
0.13614720106124878
0.2956334948539734
0.19297882914543152
0.12317579984664917
0.22986537218093872
0.1251506805419922
0.3915255069732666
0.24593807756900787
0.262858510017395
0.20879313349723816
0.17669148743152618
0.1755094826221466
0.14508110284805298
0.17692188918590546
0.24524903297424316
0.14745938777923584
0.24185585975646973
0.22885753214359283
0.16892768442630768
0.21454015374183655
0.19224627315998077
0.19241030514240265
0.07187715172767639
0.23134849965572357
0.22580261528491974
0.1338891088962555
0.05441096052527428
0.1442594975233078
0.23564252257347107
0.29202035069465637
0.22255651652812958
0.21390600502490997
0.10642138123512268
0.22587963938713074
0.34776464104652405
0.16868989169597626
0.22357483208179474
0.1905035376548767
0.10089308023452759
0.17279908061027527
0.2893166244029999
0.21790197491645813
0.23733162879943848
0.1430734544992447
1.7081401348114014
0.12293104827404022
0.12454895675182343
0.2076321393251419
0.10798587650060654
0.14127229154109955
0.15146994590759277
0.1534690260887146
0.14925235509872437
0.1656382530927658
0.22964972257614136
0.13041718304157257
0.17144301533699036
0.22890709340572357
0.1774119883775711
0.1851663738489151
0.3802414834499359
0.17118269205093384
0.14109322428703308
0.21148523688316345
0.08351489156484604
0.2280692160129547
0.1846468448638916
0.125822514295578
0.16170302033424377
0.23311416804790497
0.2691780924797058
0.12255825102329254
0.15878131985664368
0.13990911841392517
0.19645057618618011
0.18719245493412018
0.16625012457370758
0.14941227436065674
0.22109146416187286
0.13685372471809387
0.2661758065223694
0.18161477148532867
0.17726649343967438
0.18285620212554932
0.28181833028793335
0.15641430020332336
0.11824683099985123
0.09455177187919617
0.16474652290344238
0.26444828510284424
0.14004461467266083
0.1474277526140213
0.3446948230266571
0.15941289067268372
0.14571255445480347
0.17466218769550323
0.1945597380399704
0.14789481461048126
0.17893806099891663
0.2664474844932556
0.21704284846782684
0.22647057473659515
0.31283456087112427
0.12808014452457428
0.16298063099384308
0.15805131196975708
0.2291567176580429
0.09274665266275406
0.13795967400074005
0.11928753554821014
0.1082920953631401
0.13839714229106903
0.179245263338089
0.22515282034873962
0.1887875348329544
0.1614142209291458
0.21062268316745758
0.24340029060840607
0.187727153301239
0.17886072397232056
0.10588794946670532
0.11518850922584534
0.19207820296287537
0.19125980138778687
0.11586224287748337
0.2132030427455902
0.18890206515789032
0.17468923330307007
0.15124492347240448
0.11162345111370087
0.10481571406126022
0.13546232879161835
0.11581767350435257
0.15594753623008728
0.1576162874698639
0.1370467245578766
0.16928555071353912
0.12212000042200089
0.18071843683719635
0.1553453505039215
0.18905410170555115
0.211068257689476
0.187228262424469
0.1544795036315918
0.08751241117715836
0.14384296536445618
0.11802874505519867
0.1724252849817276
0.17087431252002716
0.21462640166282654
0.20562705397605896
0.13283202052116394
0.1558903008699417
0.29825568199157715
0.1961679905653
0.11669828742742538
0.21950118243694305
0.08987435698509216
0.21681152284145355
0.16813866794109344
0.17810778319835663
0.17383204400539398
0.32850170135498047
0.1670268476009369
0.1330212503671646
0.19298018515110016
0.22032082080841064
0.18692392110824585
0.23907902836799622
0.2559623718261719
0.1466267704963684
0.354038804769516
0.14836618304252625
0.1410289704799652
0.1984718143939972
0.18736715614795685
0.18760700523853302
0.16299396753311157
0.288391649723053
0.1630965918302536
0.3626256287097931
0.23460884392261505
0.14985361695289612
0.1453133374452591
0.12985974550247192
0.10915718227624893
0.1978922188282013
0.08632174879312515
0.19627168774604797
0.2206536829471588
0.17373187839984894
0.16047488152980804
0.15687158703804016
0.20933981239795685
0.2026531845331192
0.2105020135641098
0.20666374266147614
0.15779317915439606
0.12192965298891068
0.17676252126693726
0.3044619858264923
0.16820093989372253
0.11419527232646942
0.15672554075717926
0.09801076352596283
0.23273757100105286
0.2851116359233856
0.18541637063026428
0.13842780888080597
0.19928044080734253
0.21450310945510864
0.19955401122570038
0.16841240227222443
0.16766154766082764
0.06804746389389038
0.10403124243021011
0.15720221400260925
0.14083686470985413
0.26462024450302124
0.10863424092531204
0.12229973077774048
0.07923689484596252
0.1590350866317749
0.20312495529651642
0.11963482946157455
0.168532133102417
0.11826681345701218
0.19407935440540314
0.16056030988693237
0.1449790894985199
0.11387775838375092
0.16176658868789673
0.28872793912887573
0.21838274598121643
0.22331079840660095
0.17272093892097473
0.09384675323963165
0.2359888106584549
0.11383403837680817
0.24517348408699036
0.17947915196418762
0.18378211557865143
0.27409353852272034
0.11497524380683899
0.16485220193862915
0.13885484635829926
0.14761066436767578
0.21530547738075256
0.08083037286996841
0.18940475583076477
0.12595997750759125
0.13231267035007477
0.2015773504972458
0.1597817838191986
0.12075533717870712
0.16630680859088898
0.10983292013406754
0.09962686151266098
0.23460228741168976
0.19538205862045288
0.24723510444164276
0.12468961626291275
0.09896916151046753
0.2819620966911316
0.21373634040355682
0.15023544430732727
0.12591436505317688
0.17512261867523193
0.26992619037628174
0.14915096759796143
0.20147691667079926
0.1479833722114563
0.1815001368522644
0.11745857447385788
0.12426882237195969
0.1433028131723404
0.13493061065673828
0.1410009264945984
0.10405337065458298
0.11731400340795517
0.15146522223949432
0.13161200284957886
0.1362200677394867
0.2013600468635559
0.29264703392982483
0.08688583970069885
0.209121435880661
0.14558708667755127
0.18537545204162598
0.26761743426322937
0.19516052305698395
0.25522780418395996
0.15747833251953125
0.1618296504020691
0.11114718019962311
0.14118047058582306
0.11226824671030045
0.11967746913433075
0.20909495651721954
0.1562976986169815
0.17802654206752777
0.08849406987428665
0.21129241585731506
0.1826094537973404
0.10531590133905411
0.13460271060466766
0.15917359292507172
0.18520694971084595
0.1892307698726654
0.08537375181913376
0.2066609263420105
0.17500874400138855
0.14626412093639374
0.1594194918870926
0.20121647417545319
0.06492960453033447
0.15408460795879364
0.1432724893093109
0.19485878944396973
0.06540397554636002
0.03427466005086899
0.11915256083011627
0.1330653429031372
0.15338250994682312
0.2179415225982666
0.21645446121692657
0.1354357898235321
0.16042105853557587
0.10161755979061127
0.13228054344654083
0.13773198425769806
0.2569747269153595
0.23753541707992554
0.1251000165939331
0.1382233202457428
0.20615385472774506
0.07274133712053299
0.2437206208705902
0.14575380086898804
0.09184052795171738
0.21296130120754242
0.05911429598927498
0.1598229706287384
0.11057916283607483
0.22241663932800293
0.2226146161556244
0.1512867659330368
0.20475253462791443
0.19559641182422638
0.18704085052013397
0.06590826064348221
0.12016680091619492
0.08659148961305618
0.1685178130865097
0.17272713780403137
0.10634108632802963
0.07622583955526352
0.12997736036777496
0.14379280805587769
0.24140046536922455
0.16133220493793488
0.42086687684059143
0.20231083035469055
0.1391986608505249
0.1418430060148239
0.22297094762325287
0.17323116958141327
0.25103887915611267
0.11000476777553558
0.1694294661283493
0.129301056265831
0.07868998497724533
0.1395570933818817
0.146440789103508
0.11280117928981781
0.1301879733800888
0.2241699993610382
0.0944441705942154
0.09592853486537933
0.15598218142986298
0.2206415832042694
0.22247657179832458
0.21783970296382904
0.25381186604499817
0.24169844388961792
0.19224564731121063
0.12890543043613434
0.19156011939048767
0.05111737549304962
0.5399726629257202
0.08051452785730362
0.17234422266483307
0.1566990315914154
0.28497570753097534
0.12279991805553436
0.17226611077785492
0.21116122603416443
0.15904013812541962
0.08470866084098816
0.1864670366048813
0.3133215010166168
0.11661071330308914
0.1408190280199051
0.1362117975950241
0.2234290987253189
0.16355986893177032
0.13463091850280762
0.21212740242481232
0.13661843538284302
0.09156852960586548
0.12021034210920334
0.23778271675109863
0.12615372240543365
0.14828833937644958
0.13706761598587036
0.38708963990211487
0.17408855259418488
0.1826329231262207
0.13779588043689728
0.13029107451438904
0.14614969491958618
0.08778248727321625
0.17100408673286438
0.18682844936847687
0.1568547934293747
0.1394699513912201
0.15129876136779785
0.2936141788959503
0.1682320088148117
0.21377719938755035
0.273286372423172
0.18818940222263336
0.15108950436115265
0.16501568257808685
0.27491694688796997
0.1456979513168335
0.12641200423240662
0.18498387932777405
0.19042378664016724
0.19742664694786072
0.17192263901233673
0.15662015974521637
0.2725774049758911
0.18294377624988556
0.16272765398025513
0.06993506103754044
0.19999581575393677
0.2090281844139099
0.11649370193481445
0.231845423579216
0.17390771210193634
0.15050943195819855
0.10836651921272278
0.13660413026809692
0.17379866540431976
0.19887492060661316
0.26140522956848145
0.27911677956581116
0.1134272888302803
0.19896891713142395
0.1467152088880539
0.3135630190372467
0.20417098701000214
0.20112645626068115
0.15375052392482758
0.23140230774879456
0.24007579684257507
0.2412569671869278
0.26908284425735474
0.2060626745223999
0.4120882451534271
0.1702347993850708
0.20390813052654266
0.14267459511756897
0.1225992739200592
0.14661316573619843
0.2449549287557602
0.17155598104000092
0.1755659431219101
0.13422837853431702
0.1337713748216629
0.11181934177875519
0.2189372479915619
0.29670244455337524
0.13250289857387543
0.08271778374910355
0.17368590831756592
0.18246935307979584
0.10197339951992035
0.15312066674232483
0.17688815295696259
0.10661648958921432
0.1549077332019806
0.23075218498706818
0.19168920814990997
0.15952454507350922
0.13857422769069672
0.17554637789726257
0.09989207983016968
0.1720258742570877
0.10982975363731384
0.18923166394233704
0.18406173586845398
0.24558894336223602
0.16945913434028625
0.20716439187526703
0.15011261403560638
0.10975972563028336
0.22359220683574677
0.31396424770355225
0.1139838844537735
0.07147249579429626
0.21468444168567657
0.2145836055278778
0.3422899544239044
0.1432092934846878
0.13249988853931427
0.1771705597639084
0.14882981777191162
0.15159288048744202
0.20761080086231232
0.11828560382127762
0.18556343019008636
0.12283557653427124
0.11464997380971909
0.08312804996967316
0.22477422654628754
0.14914867281913757
0.17941761016845703
0.2765517234802246
0.13837933540344238
0.20333720743656158
0.3343501687049866
0.15165914595127106
0.10846073925495148
0.28403419256210327
0.21360468864440918
0.1479363590478897
0.1491278111934662
0.19119107723236084
0.09403719753026962
0.12055151909589767
0.11021596938371658
0.20104892551898956
0.27615439891815186
0.13231076300144196
0.26619285345077515
0.19322362542152405
0.13890890777111053
0.2538440227508545
0.1520584374666214
0.1410062164068222
0.1853295862674713
0.1230589896440506
0.1329793930053711
0.15513502061367035
0.14572927355766296
0.1861027032136917
0.1911199390888214
0.11366230994462967
0.12142792344093323
0.20283500850200653
0.2666749954223633
0.22256001830101013
0.08642637729644775
0.15098151564598083
0.1781962662935257
0.15636956691741943
0.24938392639160156
0.12412431836128235
0.09967266023159027
0.1650068163871765
0.20303553342819214
0.24762874841690063
0.14801035821437836
0.20166930556297302
0.1141200140118599
0.17442935705184937
0.20085231959819794
0.11280687898397446
0.15858939290046692
0.15928395092487335
0.26575490832328796
0.17675915360450745
0.17853523790836334
0.11738064885139465
0.33614617586135864
0.09043000638484955
0.1767246574163437
0.17119145393371582
0.2052958607673645
0.09532125294208527
0.17823807895183563
0.11598032712936401
0.19742847979068756
0.1821177750825882
0.11335152387619019
0.2195291668176651
0.27205005288124084
0.18840518593788147
0.25136440992355347
0.23027528822422028
0.17889468371868134
0.10606125742197037
0.12052801996469498
0.11584571748971939
0.1383344531059265
0.18427316844463348
0.12724751234054565
0.15547430515289307
0.33863118290901184
0.21135851740837097
0.058572787791490555
0.2327854335308075
0.09510230273008347
0.14805184304714203
0.13258375227451324
0.14332741498947144
0.14189499616622925
0.22157567739486694
0.11308328062295914
0.17271603643894196
0.1659582108259201
0.21313028037548065
0.09248723089694977
0.13004915416240692
0.1728244423866272
0.18138384819030762
0.13246279954910278
0.06591346859931946
0.10559320449829102
0.2519513666629791
0.16921809315681458
0.22432783246040344
0.0709485337138176
0.209267258644104
0.18448874354362488
0.25243934988975525
0.27887922525405884
0.1876240074634552
0.15948402881622314
0.14827370643615723
0.15628837049007416
0.145889550447464
0.291565477848053
0.14696788787841797
0.15075509250164032
0.3115667998790741
0.1433582454919815
0.17470544576644897
0.17940616607666016
0.14998213946819305
0.1753578931093216
0.08926673233509064
0.05377835035324097
0.12739557027816772
0.12704899907112122
0.1918840855360031
0.1591949462890625
0.11730983853340149
0.1366223245859146
0.13166405260562897
0.1237659752368927
0.14706484973430634
0.10969123244285583
0.14449240267276764
0.16558343172073364
0.1612515151500702
0.1961214244365692
0.18477095663547516
0.34368425607681274
0.18648472428321838
0.20808632671833038
0.1125929057598114
0.15088477730751038
0.11350294202566147
0.09590549767017365
0.2938605844974518
0.11846054345369339
0.10898426920175552
0.10965006798505783
0.20564034581184387
0.2358575016260147
0.24595946073532104
0.1792648434638977
0.10987948626279831
0.21673429012298584
0.15493445098400116
0.16407126188278198
0.20828144252300262
0.18864423036575317
0.15104596316814423
0.2552525997161865
0.10992533713579178
0.08758474141359329
0.13927030563354492
0.22237786650657654
0.14374397695064545
0.12633271515369415
0.23063112795352936
0.14357399940490723
0.1849258989095688
0.1772489845752716
0.20448128879070282
0.13188639283180237
0.23899292945861816
0.16605299711227417
0.24666061997413635
0.17571651935577393
0.08433497697114944
0.2657662332057953
0.19932936131954193
0.23625844717025757
0.09660086780786514
0.11679575592279434
0.17976829409599304
0.13862869143486023
0.12452972680330276
0.1154588907957077
0.1661113053560257
0.18190285563468933
0.0984986424446106
0.2208693027496338
0.26394763588905334
0.20071789622306824
0.12564541399478912
0.1260731816291809
0.2272554337978363
0.16313521564006805
0.22339311242103577
0.09356401860713959
0.19207416474819183
0.13298994302749634
0.2827723026275635
0.11908978223800659
0.12798647582530975
0.07584248483181
0.17762130498886108
0.09542949497699738
0.23150943219661713
0.1669832319021225
0.13490936160087585
0.17542459070682526
0.17343851923942566
0.08744968473911285
0.07822714000940323
0.23466438055038452
0.14409969747066498
0.16335991024971008
0.12141552567481995
0.11741971969604492
0.13387531042099
0.14640580117702484
0.16439791023731232
0.08079130947589874
0.3624976575374603
0.11750399321317673
0.17815245687961578
0.13297683000564575
0.2363157868385315
0.2609753906726837
0.13925519585609436
0.0793633908033371
0.19999943673610687
0.23720219731330872
0.0976753756403923
0.10021602362394333
0.17850248515605927
0.26341184973716736
0.14660747349262238
0.18079333007335663
0.15135176479816437
0.15269842743873596
0.16426049172878265
0.2624105215072632
0.1566903293132782
0.1648770272731781
0.08279033750295639
0.1794344037771225
0.4171433448791504
0.12909802794456482
0.07534082978963852
0.17556463181972504
0.18378347158432007
0.15774129331111908
0.24148041009902954
0.32545414566993713
0.20051278173923492
0.26980459690093994
0.19822858273983002
0.1483117938041687
0.14726300537586212
0.23669026792049408
0.1936861276626587
0.07490856200456619
0.1729186773300171
0.20339243113994598
0.23201212286949158
0.24004757404327393
0.07812719792127609
0.2918623387813568
0.19773609936237335
0.1626858115196228
0.15063729882240295
0.19603179395198822
0.16473782062530518
0.17301835119724274
0.09999187290668488
0.09394895285367966
0.1662963330745697
0.12142058461904526
0.1850520670413971
0.1914093792438507
0.21470625698566437
0.18552613258361816
0.19605828821659088
0.12967263162136078
0.20191633701324463
0.19955122470855713
0.18956197798252106
0.20874084532260895
0.23831242322921753
0.18788275122642517
0.24121055006980896
0.14866550266742706
0.19643564522266388
0.13045550882816315
0.10756587982177734
0.16461823880672455
0.23878426849842072
0.1147841066122055
0.08177731186151505
0.20835663378238678
0.1840299665927887
0.20801395177841187
0.17840822041034698
0.13852055370807648
0.17688991129398346
0.17344866693019867
0.19822204113006592
0.1888304501771927
0.14582233130931854
0.1960802972316742
0.16349723935127258
0.09379421174526215
0.24262118339538574
0.09715242683887482
0.16599532961845398
0.16616816818714142
0.27094924449920654
0.1779164969921112
0.16882801055908203
0.1907701939344406
0.23295651376247406
0.184286966919899
0.12820309400558472
0.13302502036094666
0.14357604086399078
0.09271945804357529
0.0974072739481926
0.127984419465065
0.1822662502527237
0.15164704620838165
0.04111702740192413
0.12008965760469437
0.09272021800279617
0.22882673144340515
0.2817704379558563
0.11140225827693939
0.1584322601556778
0.17877553403377533
0.3061714768409729
0.08805564045906067
0.17982465028762817
0.10323076695203781
0.20562677085399628
0.13858921825885773
0.12356951832771301
0.20667816698551178
0.16634583473205566
0.20367935299873352
0.1447800248861313
0.18499071896076202
0.06686270236968994
0.18713217973709106
0.16046252846717834
0.18007266521453857
0.13010507822036743
0.16470962762832642
0.0705789253115654
0.20170657336711884
0.18351571261882782
0.17970600724220276
0.12689906358718872
0.041364990174770355
0.17789475619792938
0.12604683637619019
0.07622776180505753
0.2400292307138443
0.20555467903614044
0.20714622735977173
0.2173774093389511
0.22958940267562866
0.2269720882177353
0.2134290635585785
0.14645475149154663
0.099968820810318
0.2210829257965088
0.19174529612064362
0.153337761759758
0.14218395948410034
0.1718350052833557
0.2772565186023712
0.18587510287761688
0.1886301040649414
0.19978494942188263
0.19237078726291656
0.17477713525295258
0.19875282049179077
0.20698624849319458
0.1805397868156433
0.10944976657629013
0.13609208166599274
0.14736947417259216
0.12860292196273804
0.14091378450393677
0.22552341222763062
0.21038702130317688
0.13294944167137146
0.1693161427974701
0.15929220616817474
0.23740331828594208
0.21449188888072968
0.09217078983783722
0.13472330570220947
0.1778031587600708
0.13584794104099274
0.21823139488697052
0.09802424907684326
0.23422987759113312
0.14865919947624207
0.23926986753940582
0.167588010430336
0.1876971423625946
0.16022512316703796
0.0611695721745491
0.21744078397750854
0.12184794247150421
0.1335936188697815
0.2540673613548279
0.0635712593793869
0.16968011856079102
0.1972329169511795
0.1644214391708374
0.08106403797864914
0.09605282545089722
0.16838164627552032
0.14170236885547638
0.11730238795280457
0.15444578230381012
0.2529236972332001
0.1523509919643402
0.1149364709854126
0.3245152533054352
0.12348060309886932
0.2669611871242523
0.14563244581222534
0.16527901589870453
0.13993193209171295
0.13710376620292664
0.10240449756383896
0.1763325035572052
0.1332639902830124
0.14527937769889832
0.1782642900943756
0.17168784141540527
0.15315166115760803
0.2861426770687103
0.1510394811630249
0.1578502655029297
0.1938380002975464
0.22818760573863983
0.08670276403427124
0.19476257264614105
0.10677839815616608
0.16153281927108765
0.25685569643974304
0.05399535596370697
0.1130361557006836
0.08638191223144531
0.1623612642288208
0.21543018519878387
0.061109960079193115
0.19350050389766693
0.12939578294754028
0.19570963084697723
0.03560531884431839
0.09300260245800018
0.1259392499923706
0.1737251877784729
0.23810283839702606
0.20972038805484772
0.1340528279542923
0.13663190603256226
0.135410338640213
0.13874287903308868
0.09082924574613571
0.12792950868606567
0.10431718081235886
0.10598006844520569
0.12320903688669205
0.11190034449100494
0.17527255415916443
0.14851246774196625
0.1728854477405548
0.09601844102144241
0.17533494532108307
0.09320459514856339
0.1398291438817978
0.16626620292663574
0.23887616395950317
0.29025861620903015
0.16212205588817596
0.20167270302772522
0.11238693445920944
0.20409901440143585
0.16715629398822784
0.23197366297245026
0.11887627094984055
0.19416046142578125
0.14358103275299072
0.2374696433544159
0.1688959151506424
0.20042139291763306
0.15975266695022583
0.10301593691110611
0.1913863867521286
0.20768088102340698
0.1089552491903305
0.1619804948568344
0.27930784225463867
0.23179207742214203
0.19102728366851807
0.13172075152397156
0.1298740655183792
0.25246861577033997
0.15442265570163727
0.19785359501838684
0.11762921512126923
0.15370717644691467
0.12000901997089386
0.21884623169898987
0.17471784353256226
0.14506326615810394
0.20817025005817413
0.16688138246536255
0.2297048568725586
0.20053313672542572
0.1473253220319748
0.13840295374393463
0.08173370361328125
0.34719908237457275
0.1739303469657898
0.2675192356109619
0.12847046554088593
0.08371613919734955
0.1755216419696808
0.13735684752464294
0.11850978434085846
0.20989112555980682
0.19602356851100922
0.17283062636852264
0.15884050726890564
0.1621437668800354
0.12522538006305695
0.1485564410686493
0.15199260413646698
0.19332927465438843
0.09988748282194138
0.20550566911697388
0.2098657339811325
0.18613922595977783
0.1477510631084442
0.16140568256378174
0.20536015927791595
0.12257928401231766
0.21450136601924896
0.20778727531433105
0.1834905445575714
0.15521390736103058
0.21799664199352264
0.13986903429031372
0.19397187232971191
0.14969293773174286
0.2254055291414261
0.2599237859249115
0.1241435632109642
0.17870278656482697
0.10309328883886337
0.08751692622900009
0.23837599158287048
0.1702159345149994
0.16399550437927246
0.11884263157844543
0.1866767257452011
0.09857486188411713
0.2327745109796524
0.18010368943214417
0.15660415589809418
0.14931714534759521
0.13389818370342255
0.17809362709522247
0.14070859551429749
0.24104028940200806
0.18956194818019867
0.2058626115322113
0.22276371717453003
0.13324107229709625
0.1804237961769104
0.24172043800354004
0.19396260380744934
0.17952290177345276
0.07915011048316956
0.12244056910276413
0.2349400520324707
0.15164317190647125
0.1349370926618576
0.13473740220069885
0.11559244245290756
0.1347046047449112
0.1078655868768692
0.2516356408596039
0.22985127568244934
0.1938970386981964
0.20084932446479797
0.17650587856769562
0.1339486539363861
0.18122684955596924
0.19164860248565674
0.1247841864824295
0.07891923934221268
0.19155988097190857
0.1295022964477539
0.053671762347221375
0.1956976056098938
0.07180650532245636
0.10161883383989334
0.1853339970111847
0.09179458022117615
0.12750346958637238
0.10382213443517685
0.12805140018463135
0.19307449460029602
0.2503690719604492
0.09716849029064178
0.20198962092399597
0.14722782373428345
0.18996484577655792
0.1489938497543335
0.1520748883485794
0.1415233463048935
0.14897051453590393
0.1094423457980156
0.17762215435504913
0.15934263169765472
0.15031448006629944
0.1834428310394287
0.1604057401418686
0.19422297179698944
0.1504138559103012
0.07808499783277512
0.16703712940216064
0.16196252405643463
0.09515288472175598
0.20642617344856262
0.0980888232588768
0.08497737348079681
0.13255630433559418
0.23458532989025116
0.1457654982805252
0.11608392000198364
0.2086271196603775
0.07143886387348175
0.1140967458486557
0.1446322351694107
0.050893738865852356
0.19314773380756378
0.10403406620025635
0.19274526834487915
0.1340453326702118
0.17012161016464233
0.13764381408691406
0.24601387977600098
0.058345917612314224
0.21617189049720764
0.21678021550178528
0.2019452452659607
0.2205246239900589
0.26668792963027954
0.15832306444644928
0.18266451358795166
0.12812350690364838
0.16770903766155243
0.17143788933753967
0.14757978916168213
0.19024738669395447
0.1587185114622116
0.1803777813911438
0.14512774348258972
0.1441844403743744
0.10331110656261444
0.1430485099554062
0.10445810854434967
0.10785125195980072
0.13243983685970306
0.13626998662948608
0.15061353147029877
0.17091971635818481
0.116146020591259
0.17525050044059753
0.1894121617078781
0.16394272446632385
0.10052170604467392
0.1500060111284256
0.19859394431114197
0.15194039046764374
0.2122461348772049
0.11891132593154907
0.10458193719387054
0.14407579600811005
0.29476988315582275
0.22868399322032928
0.2166009247303009
0.24226272106170654
0.10013995319604874
0.13377422094345093
0.16063988208770752
0.15585635602474213
0.24646510183811188
0.20427675545215607
0.235569030046463
0.12875008583068848
0.14716745913028717
0.10504912585020065
0.1989317685365677
0.18276378512382507
0.08094873279333115
0.20286591351032257
0.27518776059150696
0.09841015934944153
0.19046995043754578
0.16174419224262238
0.16385133564472198
0.1364022046327591
0.1380925476551056
0.18013311922550201
0.015108722262084484
0.12393226474523544
0.08152396231889725
0.14247654378414154
0.06890124827623367
0.14386005699634552
0.14771869778633118
0.28204482793807983
0.14792513847351074
0.17942234873771667
0.07675083726644516
0.26572003960609436
0.11968056857585907
0.17771705985069275
0.25190621614456177
0.11098184436559677
0.11032849550247192
0.20395511388778687
0.1725720912218094
0.07941198348999023
0.18556524813175201
0.09445066004991531
0.19090718030929565
0.10199075937271118
0.12705551087856293
0.12969771027565002
0.2197011411190033
0.15266326069831848
0.08085565268993378
0.11259916424751282
0.2034348100423813
0.17245055735111237
0.08794564753770828
0.15585757791996002
0.12443281710147858
0.1313004493713379
0.1874181479215622
0.1580049991607666
0.17643937468528748
0.0876040831208229
0.24105258285999298
0.14152203500270844
0.06655989587306976
0.15455268323421478
0.09883445501327515
0.11159110069274902
0.1792898327112198
0.15250307321548462
0.15427003800868988
0.0680336207151413
0.16345177590847015
0.16674472391605377
0.1419648677110672
0.20661741495132446
0.12581996619701385
0.21871745586395264
0.13537931442260742
0.08576955646276474
0.17409081757068634
0.19947360455989838
0.17081484198570251
0.1971452534198761
0.23091678321361542
0.18892396986484528
0.13511203229427338
0.16143272817134857
0.19713911414146423
0.11731156706809998
0.19608794152736664
0.19931992888450623
0.25538745522499084
0.32758525013923645
0.15154747664928436
0.15954139828681946
0.11944732069969177
0.18350031971931458
0.08869405835866928
0.08725078403949738
0.10976413637399673
0.1974223554134369
0.11272987723350525
0.12297093868255615
0.11062119156122208
0.23183965682983398
0.13865910470485687
0.14088313281536102
0.11211778223514557
0.18975210189819336
0.15220162272453308
0.19719049334526062
0.13038627803325653
0.14526723325252533
0.163639634847641
0.12812480330467224
0.14655686914920807
0.2556593716144562
0.03499681502580643
0.13677135109901428
0.13546839356422424
0.11919774860143661
0.18006542325019836
0.23913702368736267
0.18386141955852509
0.169940784573555
0.13412567973136902
0.18108387291431427
0.2477312833070755
0.09490396827459335
0.1674569696187973
0.2532738149166107
0.10474395751953125
0.13596144318580627
0.05226711183786392
0.15269531309604645
0.1613055169582367
0.14133673906326294
0.23928089439868927
0.13472943007946014
0.10158949345350266
0.17969182133674622
0.08591946959495544
0.10739772766828537
0.20703233778476715
0.19715704023838043
0.11512167006731033
0.12536349892616272
0.23539240658283234
0.10373706370592117
0.15033189952373505
0.16338123381137848
0.2817831337451935
0.10711631178855896
0.154625803232193
0.20108452439308167
0.09710606932640076
0.12233822047710419
0.24381950497627258
0.1800733059644699
0.1131516695022583
0.2063073217868805
0.21746733784675598
0.2050546407699585
0.15313339233398438
0.1626385748386383
0.17730264365673065
0.06856676936149597
0.15728934109210968
0.14037533104419708
0.15341226756572723
0.27635952830314636
0.08925394713878632
0.12221923470497131
0.05827217549085617
0.1725982278585434
0.20242418348789215
0.22009308636188507
0.15969617664813995
0.13331547379493713
0.18419919908046722
0.12864457070827484
0.16149747371673584
0.0895034521818161
0.1877916306257248
0.1374475061893463
0.21492056548595428
0.17617309093475342
0.2400510460138321
0.14341680705547333
0.39551958441734314
0.14625900983810425
0.11264269053936005
0.17590740323066711
0.08434200286865234
0.13712505996227264
0.18561238050460815
0.1360265612602234
0.1487824022769928
0.09767408668994904
0.10088163614273071
0.29922041296958923
0.10062643140554428
0.16628876328468323
0.1322660595178604
0.21646347641944885
0.10104766488075256
0.13740497827529907
0.10297024250030518
0.1682361215353012
0.16631174087524414
0.23396410048007965
0.20226220786571503
0.12433627992868423
0.14360035955905914
0.1966659426689148
0.12152530997991562
0.1377672702074051
0.22615696489810944
0.13570724427700043
0.13964571058750153
0.21522703766822815
0.24257217347621918
0.18465089797973633
0.07355140894651413
0.10409845411777496
0.1276511549949646
0.1088617667555809
0.19868828356266022
0.2436625361442566
0.0809924528002739
0.14289671182632446
0.16308437287807465
0.1902054101228714
0.16129979491233826
0.08765797317028046
0.19289864599704742
0.14416691660881042
0.21074749529361725
0.17085911333560944
0.21545268595218658
0.17629094421863556
0.14454051852226257
0.13450691103935242
0.15470291674137115
0.17124487459659576
0.1067834421992302
0.1591314971446991
0.17804200947284698
0.10844796150922775
0.10780764371156693
0.17181581258773804
0.19283531606197357
0.15273752808570862
0.19227895140647888
0.12064175307750702
0.15105821192264557
0.04313911497592926
0.16682977974414825
0.15332449972629547
0.2679641544818878
0.2049609124660492
0.13726955652236938
0.18685196340084076
0.18709711730480194
0.2344973385334015
0.2885192930698395
0.12506015598773956
0.14487366378307343
0.19746287167072296
0.22113759815692902
0.15602850914001465
0.23029249906539917
0.10283937305212021
0.2408740371465683
0.17358247935771942
0.25625088810920715
0.22050917148590088
0.11240264028310776
0.15815721452236176
0.10341184586286545
0.2962188720703125
0.17830391228199005
0.14279700815677643
0.15998274087905884
0.169674351811409
0.21954557299613953
0.17832346260547638
0.10605418682098389
0.13578380644321442
0.1871204525232315
0.12384681403636932
0.10472985357046127
0.11104880273342133
0.2780592739582062
0.21024350821971893
0.20664703845977783
0.13939905166625977
0.20660261809825897
0.12286076694726944
0.12029612064361572
0.14077617228031158
0.22800876200199127
0.1737043708562851
0.09227512776851654
0.14247460663318634
0.10141848027706146
0.12227004766464233
0.15336714684963226
0.18081800639629364
0.2158609926700592
0.09415305405855179
0.16983070969581604
0.17622506618499756
0.22691571712493896
0.16570691764354706
0.1347423493862152
0.15438812971115112
0.05567891523241997
0.24862772226333618
0.20759156346321106
0.1580233871936798
0.16917634010314941
0.05881570279598236
0.15033891797065735
0.1421598196029663
0.21349301934242249
0.15014104545116425
0.17106285691261292
0.17492365837097168
0.051918406039476395
0.15369512140750885
0.31231847405433655
0.15826532244682312
0.20632626116275787
0.12248314917087555
0.21760262548923492
0.10628154873847961
0.26216626167297363
0.1574915647506714
0.23662416636943817
0.2011488974094391
0.17301124334335327
0.20593321323394775
0.17548806965351105
0.1565147042274475
0.21260640025138855
0.12592539191246033
0.20749258995056152
0.20732128620147705
0.09419184923171997
0.061619918793439865
0.26975399255752563
0.13461117446422577
0.21307800710201263
0.12625573575496674
0.10804672539234161
0.20277801156044006
0.21894946694374084
0.1489616334438324
0.21904435753822327
0.1860761195421219
0.0767098069190979
0.2500554323196411
0.35173216462135315
0.0946328341960907
0.10126682370901108
0.17849873006343842
0.16622860729694366
0.19100669026374817
0.11027227342128754
0.10136242210865021
0.1601235717535019
0.09437932074069977
0.2286602407693863
0.14795181155204773
0.16926561295986176
0.17622464895248413
0.07130079716444016
0.20225344598293304
0.12342863529920578
0.16560034453868866
0.16437317430973053
0.25708428025245667
0.0907791331410408
0.04317905753850937
0.20970481634140015
0.20880044996738434
0.09956157952547073
0.14405354857444763
0.1281876116991043
0.1954566091299057
0.258967787027359
0.1171509325504303
0.07338030636310577
0.06343932449817657
0.1396171748638153
0.12060133367776871
0.05470666289329529
0.11798951029777527
0.10045003890991211
0.28314119577407837
0.1405705362558365
0.1179591566324234
0.19299231469631195
0.2104349434375763
0.1393759548664093
0.07384520769119263
0.23579485714435577
0.2133437693119049
0.15547750890254974
0.1668948531150818
0.1667764037847519
0.19452854990959167
0.11943252384662628
0.18292149901390076
0.27176377177238464
0.22524380683898926
0.16343910992145538
0.18898139894008636
0.11612170934677124
0.17316262423992157
0.15989558398723602
0.15328848361968994
0.2189720869064331
0.20717190206050873
0.07721018046140671
0.19564849138259888
0.2146121710538864
0.1217460110783577
0.09564787894487381
0.08973393589258194
0.14325495064258575
0.19799351692199707
0.11882738769054413
0.09604410827159882
0.164682999253273
0.13357385993003845
0.12800484895706177
0.295350044965744
0.1036062017083168
0.1731930524110794
0.1383042186498642
0.09588180482387543
0.17923468351364136
0.17738887667655945
0.2640119194984436
0.17211022973060608
0.17867577075958252
0.15004359185695648
0.31668245792388916
0.37683919072151184
0.06844481825828552
0.12594753503799438
0.136972576379776
0.15648005902767181
0.17636308073997498
0.306744784116745
0.08294496685266495
0.16213898360729218
0.15242493152618408
0.07463545352220535
0.11371996253728867
0.1968894898891449
0.10997138917446136
0.1251615285873413
0.16025710105895996
0.20145875215530396
0.20337702333927155
0.11069019138813019
0.10195300728082657
0.19691507518291473
0.17346692085266113
0.14025995135307312
0.16475868225097656
0.18650496006011963
0.14422763884067535
0.165542334318161
0.15071161091327667
0.135994553565979
0.059261858463287354
0.1821908801794052
0.1157824844121933
0.10304178297519684
0.16237282752990723
0.16489924490451813
0.16223645210266113
0.09001503884792328
0.12004610151052475
0.15371380746364594
0.10715670138597488
0.15872260928153992
0.17047439515590668
0.2140856385231018
0.13575415313243866
0.16104944050312042
0.12358114123344421
0.22756344079971313
0.19534960389137268
0.13160404562950134
0.17228791117668152
0.20610299706459045
0.13198955357074738
0.21655325591564178
0.1620526909828186
0.2504042983055115
0.11087360233068466
0.211432084441185
0.4032762348651886
0.1828310340642929
0.23521265387535095
0.1276213675737381
0.2468273639678955
0.2362934798002243
0.08494950085878372
0.15588350594043732
0.12179970741271973
0.1331256777048111
0.18711230158805847
0.06103264167904854
0.15438352525234222
0.11663644015789032
0.11660706251859665
0.22204303741455078
0.15690340101718903
0.15162204205989838
0.19304321706295013
0.1455431431531906
0.18704009056091309
0.17876848578453064
0.18589195609092712
0.20039986073970795
0.15594886243343353
0.08231008052825928
0.11637435108423233
0.1958819031715393
0.13850729167461395
0.10718286037445068
0.11807376146316528
0.10482749342918396
0.11949755996465683
0.13904835283756256
0.21940021216869354
0.11202424019575119
0.13228775560855865
0.19289088249206543
0.16523391008377075
0.1302659809589386
0.29474249482154846
0.0932677835226059
0.1391543745994568
0.11278396844863892
0.16810131072998047
0.13892950117588043
0.2104903757572174
0.14619900286197662
0.17589908838272095
0.11446385830640793
0.08525390923023224
0.10523098707199097
0.19387520849704742
0.1359548717737198
0.18859386444091797
0.22170020639896393
0.15184706449508667
0.23834967613220215
0.12141460925340652
0.11708218604326248
0.13431498408317566
0.10668516904115677
0.1828867793083191
0.07522901147603989
0.22210350632667542
0.13332059979438782
0.1638021320104599
0.19813309609889984
0.13261954486370087
0.2288326919078827
0.1320635974407196
0.2566196918487549
0.06733215600252151
0.17579026520252228
0.11148588359355927
0.1771363914012909
0.1712619513273239
0.16375984251499176
0.0849132314324379
0.1704440712928772
0.22481165826320648
0.1783749908208847
0.26416561007499695
0.1700456142425537
0.16714927554130554
0.19695231318473816
0.24833405017852783
0.16013804078102112
0.12076698243618011
0.1954793781042099
0.13918139040470123
0.19299082458019257
0.15477274358272552
0.16778351366519928
0.1444683074951172
0.15592345595359802
0.2134675681591034
0.17556853592395782
0.06412303447723389
0.21531611680984497
0.2413557469844818
0.11562586575746536
0.12092863023281097
0.14599186182022095
0.08236237615346909
0.20547927916049957
0.16572244465351105
0.18337571620941162
0.24179771542549133
0.15276572108268738
0.21459154784679413
0.1517089605331421
0.167885422706604
0.09973692148923874
0.18888814747333527
0.13268406689167023
0.1657455414533615
0.27193203568458557
0.1640501320362091
0.2273680567741394
0.15478208661079407
0.14595414698123932
0.1373755931854248
0.16442935168743134
0.04565885290503502
0.2676573097705841
0.21566762030124664
0.17816069722175598
0.26271259784698486
0.1682147979736328
0.23244455456733704
0.11530386656522751
0.2626310884952545
0.19156873226165771
0.1320355087518692
0.1435287892818451
0.17827650904655457
0.22533942759037018
0.17274940013885498
0.1384085863828659
0.17234639823436737
0.2604111433029175
0.18420501053333282
0.13989993929862976
0.10785721242427826
0.1247534304857254
0.1873292326927185
0.09241876006126404
0.07983182370662689
0.06387897580862045
0.18268591165542603
0.19365541636943817
0.06864717602729797
0.0740295946598053
0.1109706312417984
0.09587974846363068
0.14230631291866302
0.26456305384635925
0.14626243710517883
0.17356787621974945
0.16307467222213745
0.1686333268880844
0.16701698303222656
0.21685683727264404
0.22493991255760193
0.2347474843263626
0.17081795632839203
0.0668305829167366
0.21032661199569702
0.13976790010929108
0.14982005953788757
0.10445651412010193
0.08285486698150635
0.17063283920288086
0.13657726347446442
0.20678606629371643
0.1389600932598114
0.1685410887002945
0.08078894019126892
0.06948665529489517
0.1648305505514145
0.09959173202514648
0.22881555557250977
0.17280220985412598
0.14957478642463684
0.23744869232177734
0.1039571464061737
0.19187553226947784
0.23588335514068604
0.27298703789711
0.23510900139808655
0.1947931945323944
0.14609885215759277
0.22483573853969574
0.16701248288154602
0.21057327091693878
0.19712209701538086
0.09925073385238647
0.17284098267555237
0.14436128735542297
0.1802619993686676
0.16577911376953125
0.08538420498371124
0.13918380439281464
0.09879324585199356
0.18889275193214417
0.23374031484127045
0.2062842696905136
0.13769017159938812
0.27442026138305664
0.11653350293636322
0.11306814104318619
0.1450267732143402
0.18723271787166595
0.2382735311985016
0.2914080321788788
0.1265612691640854
0.1540323793888092
0.12352654337882996
0.12104278057813644
0.0810389295220375
0.23576942086219788
0.2159401923418045
0.2537842392921448
0.10448264330625534
0.15108239650726318
0.08110696822404861
0.18763990700244904
0.15361656248569489
0.1161307767033577
0.1654099076986313
0.1592085063457489
0.15407198667526245
0.1897728592157364
0.1129554957151413
0.19026921689510345
0.14092321693897247
0.05918442830443382
0.23171409964561462
0.16828817129135132
0.11017125099897385
0.10059782862663269
0.11154041439294815
0.1642465889453888
0.14728578925132751
0.24896766245365143
0.1558084636926651
0.18286465108394623
0.16170470416545868
0.17305734753608704
0.21169237792491913
0.0630326047539711
0.1256115436553955
0.23833724856376648
0.13214142620563507
0.141250342130661
0.108591228723526
0.1298159956932068
0.2222324162721634
0.1995517760515213
0.2313956916332245
0.09374833106994629
0.09517278522253036
0.15619342029094696
0.21487531065940857
0.16368810832500458
0.1570839285850525
0.10850494354963303
0.19007019698619843
0.1468217521905899
0.16005674004554749
0.18519935011863708
0.23668541014194489
0.1485971063375473
0.14862902462482452
0.1313524842262268
0.11001758277416229
0.06178615242242813
0.17074361443519592
0.12832272052764893
0.13573361933231354
0.1864592581987381
0.041325367987155914
0.14454717934131622
0.1869334876537323
0.19834913313388824
0.16124728322029114
0.11041277647018433
0.3801889717578888
0.16809400916099548
0.14981670677661896
0.14835241436958313
0.23790192604064941
0.1290338784456253
0.2103944718837738
0.1547778993844986
0.1522696316242218
0.14528913795948029
0.1726159155368805
0.09669677168130875
0.20569999516010284
0.10455934703350067
0.21545492112636566
0.12906283140182495
0.07066978514194489
0.14326325058937073
0.2826060950756073
0.14850664138793945
0.12452095001935959
0.17227104306221008
0.25512799620628357
0.1860031634569168
0.11525577306747437
0.075596883893013
0.17191866040229797
0.08558688312768936
0.2264019250869751
0.15180978178977966
0.10917410999536514
0.2308765947818756
0.19286301732063293
0.20060764253139496
0.15547481179237366
0.2866677939891815
0.0769493356347084
0.13027340173721313
0.19959108531475067
0.2029239535331726
0.15092216432094574
0.10699034482240677
0.24078159034252167
0.09553764015436172
0.13231384754180908
0.10531039535999298
0.14553670585155487
0.1271052062511444
0.2325265109539032
0.21688315272331238
0.12524917721748352
0.17330560088157654
0.15640512108802795
0.13370653986930847
0.21106559038162231
0.13377311825752258
0.09558151662349701
0.10347500443458557
0.20594030618667603
0.13632038235664368
0.1916806697845459
0.1685267984867096
0.17188133299350739
0.11051620543003082
0.14162346720695496
0.11662030220031738
0.2653280198574066
0.18187032639980316
0.15053576231002808
0.23871082067489624
0.18751810491085052
0.12907752394676208
0.21126195788383484
0.1465781182050705
0.16763155162334442
0.09422946721315384
0.21929806470870972
0.08376073837280273
0.08657237887382507
0.14663700759410858
0.18568484485149384
0.2655675709247589
0.12081625312566757
0.21395091712474823
0.13439494371414185
0.0955328419804573
0.15383949875831604
0.16195902228355408
0.23800787329673767
0.13779723644256592
0.18653064966201782
0.19283372163772583
0.1748131960630417
0.1467839628458023
0.05456853657960892
0.105427086353302
0.05639094114303589
0.15853993594646454
0.1519872397184372
0.2645083963871002
0.13696597516536713
0.21530969440937042
0.21508124470710754
0.17711485922336578
0.203569695353508
0.030842743813991547
0.2261045128107071
0.07975850254297256
0.25086283683776855
0.09961123764514923
0.2076031118631363
0.2556195855140686
0.19523106515407562
0.11766067147254944
0.12532120943069458
0.17549580335617065
0.22917920351028442
0.1348123401403427
0.09628330171108246
0.16357670724391937
0.10469518601894379
0.17691944539546967
0.21191300451755524
0.13584934175014496
0.09617209434509277
0.06067627668380737
0.12146555632352829
0.13754606246948242
0.19280685484409332
0.13059963285923004
0.1034497618675232
0.15927909314632416
0.17316438257694244
0.2186211347579956
0.29306864738464355
0.1991419643163681
0.10409921407699585
0.21128538250923157
0.16929887235164642
0.12512201070785522
0.19327494502067566
0.2148950695991516
0.19665366411209106
0.19634760916233063
0.10147764533758163
0.07900279015302658
0.14866508543491364
0.17168068885803223
0.19259382784366608
0.12282687425613403
0.2518051266670227
0.1421680897474289
0.18019026517868042
0.22566938400268555
0.1355060636997223
0.13783961534500122
0.024215787649154663
0.09386437386274338
0.1371980756521225
0.15315833687782288
0.15099138021469116
0.2024492770433426
0.17494207620620728
0.18730898201465607
0.1459880769252777
0.10332731157541275
0.21926265954971313
0.20645877718925476
0.21177582442760468
0.19272321462631226
0.18035587668418884
0.28823596239089966
0.09311690181493759
0.18419666588306427
0.1857920140028
0.12104672193527222
0.944477379322052
0.1519717127084732
0.11704591661691666
0.1707865595817566
0.06394995003938675
0.0960448607802391
0.23862700164318085
0.11517692357301712
0.09832367300987244
0.12281618267297745
0.07301468402147293
0.1278257966041565
0.14305463433265686
0.07177895307540894
0.0764031633734703
0.11508022248744965
0.17129257321357727
0.13689057528972626
0.15854229032993317
0.24173608422279358
0.17382800579071045
0.09015370160341263
0.18413405120372772
0.23309823870658875
0.24685876071453094
0.22431188821792603
0.14448319375514984
0.13420668244361877
0.09304813295602798
0.09795021265745163
0.21730022132396698
0.1365605741739273
0.14470422267913818
0.1873074322938919
0.16299691796302795
0.1232377216219902
0.1917525827884674
0.16230171918869019
0.16787715256214142
0.2189541608095169
0.17832084000110626
0.14307226240634918
0.2373335063457489
0.2413632720708847
0.08318758755922318
0.1401437371969223
0.1726168394088745
0.16781823337078094
0.09887801855802536
0.14532946050167084
0.16569915413856506
0.13510148227214813
0.1647697538137436
0.11645320802927017
0.2395838499069214
0.12798187136650085
0.18327389657497406
0.20646362006664276
0.21607697010040283
0.11909818649291992
0.21737879514694214
0.12061502784490585
0.23105721175670624
0.1493113934993744
0.2585385739803314
0.0990949422121048
0.13428856432437897
0.1510605812072754
0.07529819011688232
0.19764897227287292
0.21841171383857727
0.17907173931598663
0.13696925342082977
0.1434968113899231
0.21102537214756012
0.1762661635875702
0.15435276925563812
0.1600150614976883
0.10210006684064865
0.11657682806253433
0.16317231953144073
0.11476552486419678
0.056384313851594925
0.11628401279449463
0.14825905859470367
0.23990938067436218
0.23258629441261292
0.2123413383960724
0.13134236633777618
0.17453813552856445
0.20134854316711426
0.1209041178226471
0.23806001245975494
0.19749079644680023
0.1371592879295349
0.18934954702854156
0.17308732867240906
0.17183052003383636
0.11282751709222794
0.0730554610490799
0.21361562609672546
0.12434854358434677
0.19374291598796844
0.24576690793037415
0.21052803099155426
0.19684557616710663
0.2050175666809082
0.18048185110092163
0.17994537949562073
0.16474831104278564
0.09119180589914322
0.1773405820131302
0.15836413204669952
0.11909718066453934
0.2401035577058792
0.11458700150251389
0.13593460619449615
0.12349025160074234
0.11915324628353119
0.15156809985637665
0.1864633560180664
0.2121478170156479
0.12749110162258148
0.17767000198364258
0.23741132020950317
0.1301994025707245
0.1309989094734192
0.148601695895195
0.1533435881137848
0.16640040278434753
0.27325916290283203
0.11863415688276291
0.15451477468013763
0.12183503061532974
0.2686494290828705
0.22721229493618011
0.09814254194498062
0.18081937730312347
0.10778801888227463
0.09094436466693878
0.22259072959423065
0.17649853229522705
0.2751086950302124
0.14252151548862457
0.15510070323944092
0.10144000500440598
0.09088335186243057
0.3081386983394623
0.2076096087694168
0.15927118062973022
0.14823587238788605
0.1932249218225479
0.07874332368373871
0.1787431240081787
0.13190382719039917
0.19658641517162323
0.18662789463996887
0.1454024463891983
0.15403853356838226
0.14933478832244873
0.128408282995224
0.1013360247015953
0.06858605146408081
0.2340780645608902
0.16613464057445526
0.06827213615179062
0.28044387698173523
0.20241528749465942
0.10961492359638214
0.12231022119522095
0.22398249804973602
0.09666914492845535
0.1749899983406067
0.1175302267074585
0.21955159306526184
0.180899977684021
0.18722392618656158
0.18755753338336945
0.0779981017112732
0.12714052200317383
0.20358765125274658
0.20141617953777313
0.13125939667224884
0.13978436589241028
0.2305130809545517
0.1144934594631195
0.22754834592342377
0.2322303056716919
0.154517263174057
0.19089312851428986
0.21942462027072906
0.1296755075454712
0.19982844591140747
0.2561056315898895
0.13277605175971985
0.10967889428138733
0.2011294662952423
0.1532789021730423
0.08120348304510117
0.17190782725811005
0.11970282346010208
0.22487032413482666
0.13242416083812714
0.1359601765871048
0.26538464426994324
0.09408218413591385
0.10406528413295746
0.2551344037055969
0.19970957934856415
0.256448358297348
0.20061981678009033
0.14440378546714783
0.13679563999176025
0.17645235359668732
0.10875198245048523
0.22797337174415588
0.18309812247753143
0.20000037550926208
0.18140549957752228
0.20649515092372894
0.07648132741451263
0.09911683201789856
0.16520032286643982
0.14407943189144135
0.18517301976680756
0.19940927624702454
0.2271001785993576
0.16357482969760895
0.22498100996017456
0.1797531247138977
0.03524879738688469
0.3261575698852539
0.1260758489370346
0.12778928875923157
0.19786436855793
0.22384147346019745
0.16149504482746124
0.24158617854118347
0.3336038887500763
0.18952153623104095
0.18253089487552643
0.1875317245721817
0.17879286408424377
0.16390670835971832
0.1251763105392456
0.1688825935125351
0.12686055898666382
0.1465965062379837
0.23202979564666748
0.10183648765087128
0.023528769612312317
0.21748502552509308
0.15027505159378052
0.1407751441001892
0.13418662548065186
0.25741448998451233
0.07459885627031326
0.10779458284378052
0.07020466774702072
0.14645978808403015
0.14668862521648407
0.1582442671060562
0.21199119091033936
0.16297383606433868
0.14295658469200134
0.11209001392126083
0.15411503612995148
0.0977415144443512
0.18539424240589142
0.21019287407398224
0.15712442994117737
0.191366046667099
0.20100775361061096
0.13945303857326508
0.17009784281253815
0.19871164858341217
0.12474928796291351
0.10021645575761795
0.10974807292222977
0.19539012014865875
0.15728859603405
0.11784031242132187
0.14785562455654144
0.12960976362228394
0.22134874761104584
0.11645934730768204
0.1861354559659958
0.14660869538784027
0.24829097092151642
0.09159281104803085
0.1336185783147812
0.21197295188903809
0.10859266668558121
0.16251149773597717
0.13247661292552948
0.16392706334590912
0.32036155462265015
0.16989466547966003
0.21532396972179413
0.18529295921325684
0.2235904037952423
0.195558100938797
0.20658399164676666
0.07148067653179169
0.12937213480472565
0.210662841796875
0.1528322696685791
0.17765302956104279
0.30845049023628235
0.1327889859676361
0.09282103925943375
0.14414840936660767
0.09507223218679428
0.24262018501758575
0.1335221827030182
0.26438164710998535
0.20309510827064514
0.1520933210849762
0.1529126763343811
0.20200583338737488
0.1919853836297989
0.19012421369552612
0.17360229790210724
0.10646616667509079
0.19274434447288513
0.13873687386512756
0.12920160591602325
0.1662215292453766
0.1048910915851593
0.28771910071372986
0.1685480922460556
0.16031309962272644
0.14717219769954681
0.1799950897693634
0.19459879398345947
0.0837329551577568
0.24598748981952667
0.15689529478549957
0.1474139392375946
0.15339244902133942
0.12218573689460754
0.23334838449954987
0.2197427600622177
0.2617606222629547
0.13945330679416656
0.14155912399291992
0.09289602190256119
0.17982612550258636
0.23077428340911865
0.10619128495454788
0.18366862833499908
0.05963025987148285
0.09482797235250473
0.12435519695281982
0.12731359899044037
0.21558120846748352
0.14844857156276703
0.22509756684303284
0.1420913189649582
0.08505439758300781
0.11439771205186844
0.18025632202625275
0.0890558511018753
0.1348780244588852
0.24839216470718384
0.13719719648361206
0.1491762101650238
0.19917158782482147
0.1777813881635666
0.21336521208286285
0.1624162495136261
0.36729738116264343
0.17515990138053894
0.11249403655529022
0.17760726809501648
0.22622603178024292
0.20621050894260406
0.16688108444213867
0.19575676321983337
0.14424341917037964
0.2039421945810318
0.1731303185224533
0.27822035551071167
0.16071994602680206
0.12591290473937988
0.1844094693660736
0.2159515917301178
0.16488663852214813
0.22442635893821716
0.1480289101600647
0.1611553579568863
0.06834015250205994
0.3895123302936554
0.21441015601158142
0.17296233773231506
0.056794021278619766
0.09617014974355698
0.15266910195350647
0.1882108747959137
0.10191000998020172
0.18355096876621246
0.19574297964572906
0.17996250092983246
0.21688413619995117
0.17928533256053925
0.1418231725692749
0.11974722146987915
0.21132078766822815
0.14130821824073792
0.13700012862682343
0.16195017099380493
0.04790779575705528
0.3064441680908203
0.20438368618488312
0.17959977686405182
0.20060932636260986
0.15882311761379242
0.1150042712688446
0.1814662218093872
0.1980385035276413
0.1882951408624649
0.16705437004566193
0.1202523335814476
0.22406689822673798
0.19604553282260895
0.17370058596134186
0.23936273157596588
0.1178608238697052
0.10681964457035065
0.08616389334201813
0.13641193509101868
0.13819442689418793
0.2283439338207245
0.15501224994659424
0.16480298340320587
0.08527465909719467
0.185857892036438
0.3651482164859772
0.10356315225362778
0.18650799989700317
0.09529831260442734
0.17006531357765198
0.19829033315181732
0.1277141273021698
0.21882061660289764
0.20706844329833984
0.15085166692733765
0.17922250926494598
0.1879006326198578
0.18045689165592194
0.15355166792869568
0.2129116654396057
0.1266554445028305
0.13124269247055054
0.22775958478450775
0.1882278323173523
0.18387779593467712
0.10790827125310898
0.1756700724363327
0.1742214411497116
0.17848804593086243
0.17235484719276428
0.12001760303974152
0.1876816302537918
0.14488917589187622
0.11196519434452057
0.1687885969877243
0.13035733997821808
0.1660960465669632
0.24154730141162872
0.18461138010025024
0.12224074453115463
0.11858182400465012
0.18648865818977356
0.15426282584667206
0.17154422402381897
0.1220039427280426
0.19702108204364777
0.1548931747674942
0.11514101922512054
0.34571489691734314
0.16581323742866516
0.161566823720932
0.2045668661594391
0.06532508134841919
0.1463049203157425
0.23939044773578644
0.16510163247585297
0.19751174747943878
0.1484804004430771
0.14747387170791626
0.10159464180469513
0.16286972165107727
0.12960952520370483
0.09884949773550034
0.08645232021808624
0.1419723480939865
0.24334554374217987
0.12078078836202621
0.24878953397274017
0.19153988361358643
0.15628241002559662
0.11741936206817627
0.12119597941637039
0.13135354220867157
0.13273943960666656
0.23983974754810333
0.15753549337387085
0.11964979767799377
0.13424982130527496
0.08863659203052521
0.18331830203533173
0.13694891333580017
0.2224521040916443
0.09887678176164627
0.1533205360174179
0.10975795984268188
0.09389448165893555
0.2558021545410156
0.1458917260169983
0.09453137218952179
0.06990280747413635
0.16853289306163788
0.15389858186244965
0.18050701916217804
0.13210466504096985
0.18286365270614624
0.11927969753742218
0.16077247262001038
0.12819883227348328
0.1513293832540512
0.16528528928756714
0.3007411062717438
0.07347196340560913
0.11772151291370392
0.15800845623016357
0.21390892565250397
0.14008891582489014
0.2113276571035385
0.21199214458465576
0.12625974416732788
0.1286228448152542
0.2331308275461197
0.1439356654882431
0.11509630084037781
0.1406179517507553
0.1012401431798935
0.137445330619812
0.136428564786911
0.10006558150053024
0.319471150636673
0.08431586623191833
0.13881109654903412
0.18748906254768372
0.08665508776903152
0.16523076593875885
0.14590004086494446
0.15795636177062988
0.15968596935272217
0.07926925271749496
0.1068328246474266
0.1802443563938141
0.14614681899547577
0.12533898651599884
0.13452759385108948
0.10413428395986557
0.1508105844259262
0.13678692281246185
0.16543111205101013
0.09677217155694962
0.2108084112405777
0.16410812735557556
0.2181282490491867
0.1738603562116623
0.09823741018772125
0.14747099578380585
0.21309712529182434
0.2059321105480194
0.19674913585186005
0.15827536582946777
0.18491752445697784
0.0556255578994751
0.12801173329353333
0.10706660151481628
0.1243368610739708
0.16205281019210815
0.30514198541641235
0.1778530329465866
0.22025276720523834
0.17734895646572113
0.2219659388065338
0.14342519640922546
0.14024028182029724
0.16863110661506653
0.22224795818328857
0.12492115795612335
0.18314115703105927
0.1254979372024536
0.09717334061861038
0.1609077751636505
0.13816246390342712
0.16219662129878998
0.2072581946849823
0.06755468249320984
0.20277723670005798
0.2227715104818344
0.1444355994462967
0.28155380487442017
0.19321642816066742
0.1829967498779297
0.14098839461803436
0.09054752439260483
0.19719934463500977
0.141776442527771
0.27833953499794006
0.17731398344039917
0.1539091318845749
0.09516914933919907
0.18919022381305695
0.1389753818511963
0.21995148062705994
0.1608792543411255
0.3078382909297943
0.1686757653951645
0.09652566909790039
0.095973901450634
0.1404915601015091
0.1317889243364334
0.12528404593467712
0.22927303612232208
0.19438664615154266
0.18678821623325348
0.12715613842010498
0.11770793795585632
0.22554026544094086
0.29893261194229126
0.295840322971344
0.14530862867832184
0.10253500193357468
0.30235400795936584
0.1991768330335617
0.12850086390972137
0.12453272938728333
0.23802976310253143
0.11600902676582336
0.09074465185403824
0.1576150357723236
0.23387296497821808
0.17453783750534058
0.17529934644699097
0.07721184939146042
0.27817076444625854
0.07949015498161316
0.11294834315776825
0.11688107252120972
0.14973178505897522
0.20530077815055847
0.20787036418914795
0.1288830041885376
0.16852764785289764
0.11146662384271622
0.10747339576482773
0.12963765859603882
0.19559448957443237
0.3119513988494873
0.15546342730522156
0.16690729558467865
0.1180320605635643
0.08387817442417145
0.0970919132232666
0.18663984537124634
0.1969314068555832
0.1479800045490265
0.13073691725730896
0.1417710930109024
0.15986692905426025
0.18040716648101807
0.13963428139686584
0.2257642298936844
0.20686432719230652
0.3431971073150635
0.12301632761955261
0.23380312323570251
0.22306525707244873
0.10691668093204498
0.18025298416614532
0.14267587661743164
0.11730102449655533
0.13944919407367706
0.09269505739212036
0.07222343981266022
0.07843414694070816
0.1355198174715042
0.18944835662841797
0.3000432550907135
0.15339693427085876
0.28714606165885925
0.16900505125522614
0.13812819123268127
0.2591560482978821
0.16718138754367828
0.10944145172834396
0.17944835126399994
0.12881886959075928
0.17251768708229065
0.10269537568092346
0.15449097752571106
0.11539114266633987
0.14161065220832825
0.09642602503299713
0.25696051120758057
0.14623767137527466
0.22141477465629578
0.1455918699502945
0.1663808524608612
0.13638277351856232
0.252625435590744
0.19214653968811035
0.16947686672210693
0.2508656084537506
0.16524863243103027
0.11130126565694809
0.12264838814735413
0.1577356904745102
0.06562772393226624
0.11216093599796295
0.22356358170509338
0.18939454853534698
0.18931539356708527
0.13149787485599518
0.24215921759605408
0.05817439407110214
0.18257613480091095
0.20838961005210876
0.14366227388381958
0.17968304455280304
0.24694114923477173
0.1101994663476944
0.12994375824928284
0.1363086849451065
0.062247492372989655
0.11548680812120438
0.11921428889036179
0.1172432005405426
0.175260990858078
0.21350936591625214
0.2126043438911438
0.1285264641046524
0.15644504129886627
0.1497960090637207
0.14040154218673706
0.2036372870206833
0.17685049772262573
0.17439518868923187
0.13616076111793518
0.13791964948177338
0.12249461561441422
0.22916726768016815
0.13890352845191956
0.09901146590709686
0.10914340615272522
0.16445337235927582
0.13341781497001648
0.22015073895454407
0.19664067029953003
0.09510838240385056
0.27559131383895874
0.15407535433769226
0.15024878084659576
0.15357373654842377
0.09996487945318222
0.13865423202514648
0.09844936430454254
0.08051037043333054
0.1880330890417099
0.1388380229473114
0.14442653954029083
0.21067051589488983
0.15662607550621033
0.07327183336019516
0.15327823162078857
0.1656292974948883
0.11723235249519348
0.10871158540248871
0.12122029811143875
0.1715879887342453
0.26166796684265137
0.12454649806022644
0.17904911935329437
0.14190031588077545
0.16723763942718506
0.23336412012577057
0.20442438125610352
0.16181714832782745
0.21256062388420105
0.14432264864444733
0.24740846455097198
0.23306718468666077
0.13175758719444275
0.13462534546852112
0.24669480323791504
0.23905177414417267
0.1731548011302948
0.1232333779335022
0.15540963411331177
0.16406992077827454
0.16370174288749695
0.37281155586242676
0.17474043369293213
0.1636795699596405
0.09428533911705017
0.14027835428714752
0.224240243434906
0.10431640595197678
0.14739872515201569
0.19225825369358063
0.1608850508928299
0.25506970286369324
0.2069106101989746
0.3860088288784027
0.2649315297603607
0.10769788920879364
0.17138639092445374
0.17549064755439758
0.17720557749271393
0.19014319777488708
0.13565318286418915
0.14793460071086884
0.22077031433582306
0.1570454239845276
0.1630283147096634
0.11713679879903793
0.20923219621181488
0.08820703625679016
0.15804408490657806
0.15641936659812927
0.2364197075366974
0.20842240750789642
0.17515166103839874
0.19025595486164093
0.053044386208057404
0.17344383895397186
0.18260882794857025
0.20895132422447205
0.1780891865491867
0.22063657641410828
0.14313241839408875
0.23412013053894043
0.22865477204322815
0.1074528768658638
0.16746462881565094
0.06870651990175247
0.10669972747564316
0.16891136765480042
0.16265979409217834
0.22522833943367004
0.2583730220794678
0.13525007665157318
0.10945802181959152
0.16853836178779602
0.040314655750989914
0.17313340306282043
0.12451761960983276
0.1047065481543541
0.21170596778392792
0.13810040056705475
0.1425747573375702
0.11344198882579803
0.17020094394683838
0.09722961485385895
0.05691336467862129
0.10628166049718857
0.12062972038984299
0.1862989366054535
0.1268637478351593
0.1713448315858841
0.2079353928565979
0.20729732513427734
0.12868474423885345
0.16882285475730896
0.19882513582706451
0.16867811977863312
0.16287316381931305
0.2005673348903656
0.17894427478313446
0.05592554807662964
0.24056144058704376
0.20658233761787415
0.19798944890499115
0.31800031661987305
0.14167670905590057
0.194099560379982
0.12048542499542236
0.2189822494983673
0.19151172041893005
0.22030627727508545
0.2513282895088196
0.13548904657363892
0.10591365396976471
0.17804943025112152
0.1338166445493698
0.07351198047399521
0.09615970402956009
0.17829129099845886
0.15736928582191467
0.09656868129968643
0.24241532385349274
0.18091310560703278
0.11886151134967804
0.10524620860815048
0.2128511667251587
0.25096526741981506
0.1502501666545868
0.16532962024211884
0.16599535942077637
0.12990617752075195
0.1672818809747696
0.2433314323425293
0.14017902314662933
0.1965777426958084
0.18518371880054474
0.21235495805740356
0.2384544461965561
0.12849900126457214
0.08589737117290497
0.1813640147447586
0.1917208433151245
0.1124240979552269
0.1472233235836029
0.13311409950256348
0.18791544437408447
0.16350547969341278
0.14378641545772552
0.1856253743171692
0.10398606210947037
0.23469802737236023
0.19552494585514069
0.09310799092054367
0.1845109909772873
0.2234724760055542
0.11827792972326279
0.09536419808864594
0.09925349801778793
0.14569246768951416
0.2120978832244873
0.21836835145950317
0.15628686547279358
0.16592742502689362
0.13968336582183838
0.1839497685432434
0.12847059965133667
0.1854826658964157
0.1761593073606491
0.22807323932647705
0.11685921251773834
0.14993375539779663
0.12868662178516388
0.12085111439228058
0.23872540891170502
0.11966010183095932
0.1701076328754425
0.15771491825580597
0.21004757285118103
0.07462290674448013
0.19129639863967896
0.1435692012310028
0.10866736620664597
0.18215160071849823
0.1684851348400116
0.179301455616951
0.09335913509130478
0.2140708863735199
0.08613988012075424
0.1970420926809311
0.15742719173431396
0.1290145218372345
0.16442303359508514
0.15693636238574982
0.09311673045158386
0.1184391975402832
0.1200271025300026
0.1580810844898224
0.14557740092277527
0.21674130856990814
0.12479685246944427
0.11354899406433105
0.1520257592201233
0.1690407395362854
0.08416538685560226
0.15283307433128357
0.18804781138896942
0.14678536355495453
0.17874936759471893
0.1855556219816208
0.2154213935136795
0.19744649529457092
0.1580408662557602
0.1869569718837738
0.29931291937828064
0.20369583368301392
0.18071836233139038
0.24392908811569214
0.2141893357038498
0.10965301096439362
0.15662343800067902
0.1884261667728424
0.23255926370620728
0.1817382574081421
0.2178342044353485
0.10660762339830399
0.13425487279891968
0.22604216635227203
0.11993342638015747
0.17586705088615417
0.1609804481267929
0.13542670011520386
0.09808987379074097
0.07412128150463104
0.16026043891906738
0.1201862320303917
0.2517377734184265
0.1731548011302948
0.19129852950572968
0.1630340814590454
0.17583253979682922
0.16061285138130188
0.19329498708248138
0.16237325966358185
0.14542125165462494
0.21296176314353943
0.1495264172554016
0.13138432800769806
0.16913287341594696
0.1845584213733673
0.3140728175640106
0.15522578358650208
0.28793734312057495
0.11666630953550339
0.10064448416233063
0.2652025520801544
0.09059322625398636
0.11729349195957184
0.17959406971931458
0.19176024198532104
0.15410974621772766
0.15271440148353577
0.23464909195899963
0.08455965667963028
0.0824197381734848
0.14229747653007507
0.2035495787858963
0.1822761744260788
0.18419478833675385
0.17631427943706512
0.24089470505714417
0.1346241980791092
0.12197209149599075
0.19196182489395142
0.17561374604701996
0.3031570613384247
0.26907894015312195
0.1885739415884018
0.10371820628643036
0.1700616180896759
0.23964692652225494
0.12449982017278671
0.2110855132341385
0.23989668488502502
0.16490353643894196
0.1995972990989685
0.11889904737472534
0.14113543927669525
0.157663032412529
0.13113658130168915
0.26513737440109253
0.18845714628696442
0.22065718472003937
0.11960218846797943
0.09993063658475876
0.2334877997636795
0.17466267943382263
0.141299769282341
0.12044428288936615
0.15674474835395813
0.20432820916175842
0.2509181797504425
0.27640819549560547
0.10202502459287643
0.11188830435276031
0.20266391336917877
0.11125294864177704
0.14746004343032837
0.14820130169391632
0.1321103423833847
0.20637167990207672
0.09315155446529388
0.21069073677062988
0.15108487010002136
0.16078311204910278
0.3155609667301178
0.18962427973747253
0.17416220903396606
0.22588276863098145
0.2521159052848816
0.20558692514896393
0.14200568199157715
0.04436799883842468
0.18208235502243042
0.11100678890943527
0.12454644590616226
0.1567738801240921
0.1813717484474182
0.06836570799350739
0.28196290135383606
0.11648298799991608
0.15905824303627014
0.13569213449954987
0.15727126598358154
0.12291977554559708
0.14300444722175598
0.18829388916492462
0.2053273618221283
0.10895729064941406
0.09668527543544769
0.13886204361915588
0.07737869024276733
0.11745751649141312
0.1885244995355606
0.17269748449325562
0.13328535854816437
0.19721288979053497
0.19438020884990692
0.22600100934505463
0.14187923073768616
0.14961859583854675
0.10636777430772781
0.13598895072937012
0.14616936445236206
0.2278738170862198
0.055351730436086655
0.14362649619579315
0.19062936305999756
0.16981923580169678
0.23561975359916687
0.24467988312244415
0.17890210449695587
0.1694294512271881
0.10392915457487106
0.18349933624267578
0.15119168162345886
0.11419053375720978
0.09093087911605835
0.23093858361244202
0.09956585615873337
0.13252145051956177
0.2638605833053589
0.0906488373875618
0.2071717083454132
0.20802141726016998
0.31091001629829407
0.12810960412025452
0.10241301357746124
0.16644015908241272
0.19921939074993134
0.12679186463356018
0.13396549224853516
0.1782108098268509
0.10936306416988373
0.2287592738866806
0.20991088449954987
0.12453131377696991
0.12234651297330856
0.2370610237121582
0.22186264395713806
0.19474908709526062
0.1266443133354187
0.19768331944942474
0.17805185914039612
0.09422290325164795
0.11342985183000565
0.23414085805416107
0.10900585353374481
0.18828068673610687
0.18366771936416626
0.20248189568519592
0.16529592871665955
0.10731936991214752
0.09631507843732834
0.16076579689979553
0.2849952280521393
0.10390160232782364
0.10123514384031296
0.21785452961921692
0.2523026764392853
0.09567192941904068
0.10516917705535889
0.2039257138967514
0.13479197025299072
0.19896844029426575
0.2697180211544037
0.05358627811074257
0.19542641937732697
0.17467620968818665
0.09989440441131592
0.09175149351358414
0.13128992915153503
0.15722650289535522
0.1815262734889984
0.10918176174163818
0.1195034459233284
0.24499724805355072
0.15041720867156982
0.26237916946411133
0.15534743666648865
0.25427770614624023
0.20392054319381714
0.14652585983276367
0.19750458002090454
0.1287776529788971
0.21996286511421204
0.1693323850631714
0.08556076884269714
0.12829717993736267
0.23664790391921997
0.22177621722221375
0.16847200691699982
0.19283051788806915
0.12663894891738892
0.10969255864620209
0.21572695672512054
0.14310136437416077
0.16713431477546692
0.19154225289821625
0.1372491717338562
0.06045939400792122
0.15958043932914734
0.10971460491418839
0.1570425033569336
0.11869648098945618
0.3008064329624176
0.16086821258068085
0.17420504987239838
0.1464812010526657
0.2556578516960144
0.17784276604652405
0.17565254867076874
0.2601892352104187
0.1594148576259613
0.19457505643367767
0.14662158489227295
0.1702267825603485
0.18345753848552704
0.2716290354728699
0.058834537863731384
0.04394368827342987
0.10235904157161713
0.16312146186828613
0.1357363760471344
0.18661177158355713
0.3474133610725403
0.15778544545173645
0.17577433586120605
0.1158318817615509
0.140616312623024
0.18944151699543
0.16204576194286346
0.1474183350801468
0.1806088536977768
0.15684090554714203
0.13720862567424774
0.1347547471523285
0.16048520803451538
0.14976966381072998
0.10413679480552673
0.14521794021129608
0.18035338819026947
0.2564219832420349
0.20978224277496338
0.11247202008962631
0.16275835037231445
0.13704225420951843
0.21132150292396545
0.12544578313827515
0.08408493548631668
0.1460355818271637
0.1818012297153473
0.028698833659291267
0.16724886000156403
0.1840011179447174
0.20124395191669464
0.18420915305614471
0.09215988218784332
0.10670115053653717
0.20063459873199463
0.13351169228553772
0.2079300433397293
0.11409866809844971
0.13365501165390015
0.13014556467533112
0.19594649970531464
0.30723047256469727
0.09932608157396317
0.2990691065788269
0.17103354632854462
0.1430458128452301
0.14017239212989807
0.21443705260753632
0.14548656344413757
0.20767977833747864
0.26670676469802856
0.1288614720106125
0.18779487907886505
0.2536587119102478
0.31382840871810913
0.26237258315086365
0.204869344830513
0.12253060191869736
0.13646025955677032
0.059171222150325775
0.14772196114063263
0.06896574050188065
0.2640679180622101
0.09283564984798431
0.08757418394088745
0.09063217788934708
0.17842818796634674
0.19828283786773682
0.15393230319023132
0.2213401347398758
0.14665010571479797
0.16839979588985443
0.23629264533519745
0.14997601509094238
0.10307036340236664
0.21611995995044708
0.17757980525493622
0.22763435542583466
0.15677599608898163
0.24063071608543396
0.1533394753932953
0.15973298251628876
0.18664804100990295
0.2588946223258972
0.18787503242492676
0.07755269855260849
0.24980109930038452
0.055944785475730896
0.21325023472309113
0.22651317715644836
0.08687028288841248
0.13021379709243774
0.05877833440899849
0.16469413042068481
0.16631115972995758
0.15256346762180328
0.13383691012859344
0.14119616150856018
0.177573099732399
0.16558924317359924
0.13941176235675812
0.1672334372997284
0.19652822613716125
0.25876492261886597
0.17059127986431122
0.1790449321269989
0.19146360456943512
0.1986454874277115
0.14950087666511536
0.10906744003295898
0.21061868965625763
0.13978508114814758
0.1333000510931015
0.2343393713235855
0.07688309997320175
0.16512948274612427
0.23085778951644897
0.24193093180656433
0.22175157070159912
0.23120522499084473
0.09796975553035736
0.10580885410308838
0.2064402997493744
0.1386808156967163
0.20399640500545502
0.11188679188489914
0.2306937277317047
0.06184769421815872
0.12149367481470108
0.13432680070400238
0.17384418845176697
0.11616829037666321
0.13640519976615906
0.17682655155658722
0.2086968868970871
0.18652838468551636
0.20155861973762512
0.17540130019187927
0.15374140441417694
0.1575089693069458
0.17458385229110718
0.1051093339920044
0.1821569949388504
0.11103083938360214
0.14769987761974335
0.15584969520568848
0.1380418837070465
0.1732143759727478
0.07603391259908676
0.13050182163715363
0.25731024146080017
0.2507346570491791
0.12070945650339127
0.17283517122268677
0.16402296721935272
0.25072190165519714
0.12599392235279083
0.12075289338827133
0.27574899792671204
0.10363830626010895
0.13235576450824738
0.15244294703006744
0.17444480955600739
0.1310463845729828
0.3406520485877991
0.2153998613357544
0.25439319014549255
0.31356024742126465
0.15562693774700165
0.2154170721769333
0.17528744041919708
0.09348701685667038
0.1809961497783661
0.20785140991210938
0.16320915520191193
0.2012038230895996
0.10303915292024612
0.12700794637203217
0.23835717141628265
0.12057775259017944
0.1743813455104828
0.15950146317481995
0.14233021438121796
0.13230863213539124
0.22976022958755493
0.23670342564582825
0.104475237429142
0.15908919274806976
0.20600484311580658
0.1381053328514099
0.18181757628917694
0.07029376924037933
0.18462085723876953
0.29551243782043457
0.14484840631484985
0.15770524740219116
0.1859641969203949
0.21344172954559326
0.1851569414138794
0.1939808428287506
0.08390512317419052
0.08463814109563828
0.11890672892332077
0.050340984016656876
0.07446902990341187
0.14448775351047516
0.1115206703543663
0.1628277450799942
0.12155966460704803
0.1845315396785736
0.1475270688533783
0.22926488518714905
0.18975795805454254
0.2173251360654831
0.0818917453289032
0.19175778329372406
0.20341119170188904
0.150997132062912
0.16876864433288574
0.1446143537759781
0.1326659917831421
0.21418607234954834
0.1785535216331482
0.16228462755680084
0.09757012128829956
0.21960952877998352
0.17846475541591644
0.09706166386604309
0.1782560497522354
0.2552601397037506
0.13341815769672394
0.13750386238098145
0.19215461611747742
0.10168877989053726
0.19881461560726166
0.15895839035511017
0.1641232669353485
0.34599339962005615
0.19115197658538818
0.18335044384002686
0.17124460637569427
0.2545488774776459
0.13387291133403778
0.06799118965864182
0.13615962862968445
0.1328262984752655
0.18019410967826843
0.1882314682006836
0.2153061330318451
0.15342330932617188
0.2331349402666092
0.1923312395811081
0.1391092836856842
0.2150915414094925
0.19161507487297058
0.08635159581899643
0.18422198295593262
0.239795982837677
0.08701964467763901
0.16266991198062897
0.08799052983522415
0.20382723212242126
0.25154435634613037
0.23773473501205444
0.23603567481040955
0.1519581377506256
0.20366120338439941
0.2139626145362854
0.10743594169616699
0.1640278398990631
0.23370914161205292
0.19174428284168243
0.1842203140258789
0.1801363080739975
0.23200723528862
0.13573643565177917
0.2081023007631302
0.14852556586265564
0.2014670968055725
0.0972699522972107
0.19573412835597992
0.16950975358486176
0.27042022347450256
0.19195964932441711
0.06363806873559952
0.10054084658622742
0.17768849432468414
0.15816819667816162
0.17781727015972137
0.18344494700431824
0.23032976686954498
0.17732566595077515
0.13001957535743713
0.14073386788368225
0.16713383793830872
0.20783618092536926
0.08136329799890518
0.162865549325943
0.11853740364313126
0.20238293707370758
0.12161552160978317
0.21853584051132202
0.16476647555828094
0.1891590803861618
0.21230843663215637
0.22527000308036804
0.07365380972623825
0.11109364032745361
0.19678044319152832
0.13631673157215118
0.10470235347747803
0.17208634316921234
0.1313742995262146
0.1743708848953247
0.17703430354595184
0.17738470435142517
0.2739638090133667
0.14222711324691772
0.13586416840553284
0.1253501921892166
0.22843609750270844
0.20970718562602997
0.08323132991790771
0.20437929034233093
0.22526830434799194
0.1349344253540039
0.20550133287906647
0.24653752148151398
0.1514282375574112
0.0830228179693222
0.11071541905403137
0.17069441080093384
0.1970030963420868
0.19971473515033722
0.17708389461040497
0.32164353132247925
0.13998638093471527
0.16299094259738922
0.06322578340768814
0.11405742913484573
0.23659896850585938
0.26835235953330994
0.1866089254617691
0.10897213220596313
0.2556470036506653
0.12666097283363342
0.20203536748886108
0.10732460021972656
0.2347477823495865
0.18113183975219727
0.13346350193023682
0.19454456865787506
0.15467578172683716
0.13479122519493103
0.0999569296836853
0.09416790306568146
0.15327857434749603
0.13200677931308746
0.1895064413547516
0.24424804747104645
0.2892037630081177
0.1549064666032791
0.10444218665361404
0.10044281929731369
0.10662625730037689
0.16056199371814728
0.09750759601593018
0.06516657024621964
0.2032131403684616
0.11080722510814667
0.18679848313331604
0.22844377160072327
0.20449316501617432
0.28438809514045715
0.09938257187604904
0.1379324495792389
0.21842139959335327
0.07934363931417465
0.09936144948005676
0.10987158864736557
0.230475053191185
0.2056799978017807
0.20174938440322876
0.33410578966140747
0.09923626482486725
0.18559424579143524
0.1578347086906433
0.2475762516260147
0.12865027785301208
0.13663949072360992
0.1598750352859497
0.242966890335083
0.11140608787536621
0.11814019083976746
0.23117290437221527
0.19342376291751862
0.16225992143154144
0.06015936657786369
0.1087949350476265
0.19577351212501526
0.19810059666633606
0.17897553741931915
0.23761610686779022
0.21531499922275543
0.15023325383663177
0.06724490970373154
0.1326620876789093
0.18158718943595886
0.08208046853542328
0.12404364347457886
0.23602353036403656
0.16894088685512543
0.11284469813108444
0.18965667486190796
0.1991470903158188
0.20664098858833313
0.11310847103595734
0.13971947133541107
0.2748813331127167
0.19390562176704407
0.08936919271945953
0.1311405450105667
0.16103476285934448
0.1659928858280182
0.19200171530246735
0.17010603845119476
0.19968131184577942
0.26704564690589905
0.07735119014978409
0.21661391854286194
0.13912594318389893
0.11565738171339035
0.2430025190114975
0.19708514213562012
0.12006734311580658
0.12819494307041168
0.18989898264408112
0.1842212975025177
0.12668533623218536
0.2168366014957428
0.16865162551403046
0.23490367829799652
0.19883224368095398
0.12321653217077255
0.22185339033603668
0.1503574103116989
0.23806750774383545
0.18110454082489014
0.14813543856143951
0.17215345799922943
0.10604037344455719
0.13512806594371796
0.17371326684951782
0.2540716230869293
0.17439840734004974
0.25736597180366516
0.19557340443134308
0.19413670897483826
0.1357049196958542
0.12409260869026184
0.2128075808286667
0.1852782964706421
0.14784793555736542
0.18451130390167236
0.1314498335123062
0.15301573276519775
0.1320200115442276
0.21817776560783386
0.17037932574748993
0.09178781509399414
0.11873609572649002
0.15983480215072632
0.20642177760601044
0.1185959130525589
0.14064159989356995
0.18519267439842224
0.19926254451274872
0.18061229586601257
0.10780160129070282
0.16999131441116333
0.1081530898809433
0.18663427233695984
0.2306722104549408
0.15078528225421906
0.07490075379610062
0.18362000584602356
0.2184792459011078
0.12894679605960846
0.15353551506996155
0.15598651766777039
0.10435713827610016
0.16420839726924896
0.09660819172859192
0.27061861753463745
0.14144161343574524
0.1396399736404419
0.08894092589616776
0.16804218292236328
0.175200417637825
0.16441398859024048
0.16067689657211304
0.11736831814050674
0.17998138070106506
0.26508909463882446
0.22222942113876343
0.19968311488628387
0.1333485245704651
0.053052354604005814
0.17314819991588593
0.17405158281326294
0.174504816532135
0.12574830651283264
0.13391125202178955
0.19094443321228027
0.2524924576282501
0.1155199334025383
0.1738685667514801
0.16639328002929688
0.2628956437110901
0.22796829044818878
0.1610758900642395
0.16499152779579163
0.309854656457901
0.2533513307571411
0.123487189412117
0.20366135239601135
0.17575247585773468
0.1382218897342682
0.1584809124469757
0.4245148301124573
0.07690224796533585
0.15759529173374176
0.16945777833461761
0.11489603668451309
0.10500994324684143
0.16062738001346588
0.06003781408071518
0.16446638107299805
0.12070493400096893
0.07797679305076599
0.15173156559467316
0.12824025750160217
0.11698125302791595
0.23405316472053528
0.18665015697479248
0.12995439767837524
0.2594358026981354
0.22218863666057587
0.2191791534423828
0.12894044816493988
0.09015613794326782
0.17094236612319946
0.1304391622543335
0.1171124130487442
0.07776769995689392
0.2336329072713852
0.17062392830848694
0.18574826419353485
0.1377209722995758
0.20659077167510986
0.152629092335701
0.126180961728096
0.25915464758872986
0.17377319931983948
0.1938972771167755
0.1471453458070755
0.19947290420532227
0.19399918615818024
0.18600332736968994
0.03998233377933502
0.19088681042194366
0.2779744863510132
0.13252539932727814
0.10710771381855011
0.16574034094810486
0.24095836281776428
0.10897165536880493
0.1667948067188263
0.1721833199262619
0.1890966296195984
0.20581099390983582
0.15247516334056854
0.14457908272743225
0.10486553609371185
0.19253739714622498
0.3242759108543396
0.15451553463935852
0.10621277987957001
0.15873034298419952
0.11755294352769852
0.17077898979187012
0.18283767998218536
0.31014639139175415
0.20192991197109222
0.2044176608324051
0.17340727150440216
0.27006983757019043
0.12871792912483215
0.05561047047376633
0.16335177421569824
0.07461132109165192
0.22730427980422974
0.19702279567718506
0.07663711905479431
0.15234790742397308
0.17842382192611694
0.18403378129005432
0.22080111503601074
0.2196899652481079
0.16104337573051453
0.18378838896751404
0.0908535048365593
0.1011977419257164
0.09711357951164246
0.07485143840312958
0.2952546179294586
0.23386016488075256
0.13086478412151337
0.10356707125902176
0.15644842386245728
0.08486269414424896
0.12305360287427902
0.26174235343933105
0.11268163472414017
0.14011572301387787
0.1068057119846344
0.2068042755126953
0.15865318477153778
0.12362216413021088
0.13221129775047302
0.27551141381263733
0.18450680375099182
0.05911611393094063
0.1739635318517685
0.21323943138122559
0.1296047419309616
0.1718304604291916
0.12554332613945007
0.17168807983398438
0.2164226472377777
0.18834984302520752
0.12766988575458527
0.10296846926212311
0.14596892893314362
0.15930360555648804
0.12396637350320816
0.15321582555770874
0.15641529858112335
0.20063245296478271
0.19669508934020996
0.08127056807279587
0.11480168998241425
0.14860069751739502
0.13758239150047302
0.13513492047786713
0.15670892596244812
0.198831707239151
0.21542492508888245
0.1303100436925888
0.16728876531124115
0.16333241760730743
0.07531813532114029
0.19450032711029053
0.19531060755252838
0.10520802438259125
0.1734810322523117
0.1342591792345047
0.16169323027133942
0.1788496971130371
0.16253022849559784
0.051536545157432556
0.27174678444862366
0.16242212057113647
0.156735360622406
0.16812968254089355
0.13421519100666046
0.20879188179969788
0.29582369327545166
0.14158348739147186
0.16197864711284637
0.18133944272994995
0.1424960345029831
0.267793208360672
0.20299479365348816
0.2406163364648819
0.14312440156936646
0.15832939743995667
0.16391031444072723
0.15519575774669647
0.20671619474887848
0.24621737003326416
0.186045840382576
0.23312696814537048
0.20179060101509094
0.12802591919898987
0.21182937920093536
0.12043418735265732
0.14143683016300201
0.19310785830020905
0.17760401964187622
0.19485431909561157
0.10870658606290817
0.2299656867980957
0.12540286779403687
0.14206531643867493
0.27774813771247864
0.22792468965053558
0.12921328842639923
0.12509329617023468
0.18572159111499786
0.1276446431875229
0.08963752537965775
0.13191227614879608
0.18840639293193817
0.17610205709934235
0.13991384208202362
0.15633869171142578
0.13684728741645813
0.2330722212791443
0.306309312582016
0.16180390119552612
0.1294204145669937
0.227837935090065
0.20278233289718628
0.15880648791790009
0.17855221033096313
0.1959419846534729
0.15844301879405975
0.15125571191310883
0.10935498774051666
0.3181249499320984
0.2131633162498474
0.14728322625160217
0.11764863133430481
0.11179500818252563
0.20670317113399506
0.2116919755935669
0.1570000797510147
0.21159082651138306
0.22754286229610443
0.06415815651416779
0.1427740454673767
0.15304924547672272
0.10217933356761932
0.13682040572166443
0.15792284905910492
0.11097187548875809
0.12540121376514435
0.14887189865112305
0.05706792324781418
0.19076493382453918
0.17726998031139374
0.16939349472522736
0.11569824814796448
0.16825254261493683
0.15726834535598755
0.1656029373407364
0.16619494557380676
0.18046177923679352
0.19173823297023773
0.19647379219532013
0.2066284865140915
0.23953849077224731
0.188351109623909
0.24386270344257355
0.16030633449554443
0.07968461513519287
0.1424611657857895
0.12805944681167603
0.05324872210621834
0.1747489869594574
0.21246348321437836
0.3062291741371155
0.26800858974456787
0.18254339694976807
0.2773692011833191
0.23031608760356903
0.15852773189544678
0.1584274172782898
0.1558808535337448
0.25504207611083984
0.13657508790493011
0.11701624095439911
0.14548054337501526
0.253118634223938
0.09046502411365509
0.11973147094249725
0.2270280420780182
0.17256855964660645
0.2579631805419922
0.03467303887009621
0.1277715116739273
0.1975400745868683
0.14201557636260986
0.24388772249221802
0.17892736196517944
0.20799943804740906
0.142390176653862
0.11096829921007156
0.08085256069898605
0.10268755257129669
0.20181922614574432
0.3364339768886566
0.17535248398780823
0.15431644022464752
0.18471607565879822
0.2972748577594757
0.11508092284202576
0.19227418303489685
0.11509737372398376
0.2065087854862213
0.13028265535831451
0.15928351879119873
0.12525250017642975
0.17130634188652039
0.13602498173713684
0.11819068342447281
0.24301761388778687
0.042383842170238495
0.18649497628211975
0.13857939839363098
0.19057103991508484
0.19479729235172272
0.1986377239227295
0.11220666021108627
0.14805428683757782
0.18003538250923157
0.2577800452709198
0.10399603843688965
0.15064476430416107
0.0739365667104721
0.08152519166469574
0.2922064960002899
0.15805141627788544
0.16024188697338104
0.24477706849575043
0.33595192432403564
0.16020409762859344
0.17486870288848877
0.3111727833747864
0.24733607470989227
0.1713247448205948
0.26035451889038086
0.21724598109722137
0.11139056086540222
0.21014949679374695
0.18208502233028412
0.16499093174934387
0.2022211104631424
0.24705062806606293
0.08129521459341049
0.17883484065532684
0.22079841792583466
0.23208622634410858
0.1231815293431282
0.09526355564594269
0.20283475518226624
0.15584427118301392
0.07185916602611542
0.2756805121898651
0.1198066920042038
0.0774800032377243
0.17293387651443481
0.13678157329559326
0.09464995563030243
0.15791688859462738
0.1607225090265274
0.20054790377616882
0.1288888156414032
0.16759079694747925
0.1840357929468155
0.24681584537029266
0.10782316327095032
0.18831853568553925
0.16962751746177673
0.10674989968538284
0.20428283512592316
0.18308547139167786
0.14165480434894562
0.15691187977790833
0.1917308121919632
0.1963256299495697
0.1761670857667923
0.11608004570007324
0.0857471227645874
0.17534102499485016
0.21786507964134216
0.15697665512561798
0.2848966121673584
0.21194832026958466
0.14588256180286407
0.15744224190711975
0.13198409974575043
0.2377787083387375
0.23995399475097656
0.18318447470664978
0.08639047294855118
0.19031745195388794
0.19025062024593353
0.06983684748411179
0.3642195761203766
0.18223083019256592
0.10727641731500626
0.02918347716331482
0.22940729558467865
0.07046770304441452
0.15275388956069946
0.2065216302871704
0.17118963599205017
0.1733616143465042
0.21670235693454742
0.1583372950553894
0.2093397080898285
0.16316309571266174
0.2423606663942337
0.21883422136306763
0.1224336177110672
0.111195869743824
0.23301923274993896
0.1412246972322464
0.0770549327135086
0.12537270784378052
0.20870162546634674
0.16361525654792786
0.10732170939445496
0.21278321743011475
0.14612330496311188
0.25580379366874695
0.22281908988952637
0.1032860055565834
0.13028161227703094
0.25780215859413147
0.16179412603378296
0.24360781908035278
0.13181520998477936
0.06185600906610489
0.12214934825897217
0.18029795587062836
0.1495508849620819
0.2617001235485077
0.07569099962711334
0.18788990378379822
0.19080287218093872
0.18136301636695862
0.13497774302959442
0.06737042963504791
0.14385053515434265
0.16333675384521484
0.24576939642429352
0.11541105061769485
0.1302572786808014
0.216391459107399
0.20072098076343536
0.1870352029800415
0.18726816773414612
0.1825384646654129
0.16612805426120758
0.2242029756307602
0.1451941281557083
0.19366930425167084
0.2690989673137665
0.131646528840065
0.17770393192768097
0.13481560349464417
0.21733151376247406
0.12159925699234009
0.1730882078409195
0.2720974385738373
0.10814794152975082
0.08889415115118027
0.22055158019065857
0.3035358786582947
0.15757505595684052
0.16411444544792175
0.08605014532804489
0.15433618426322937
0.16134288907051086
0.22150923311710358
0.2072419375181198
0.1678152084350586
0.21199090778827667
0.14542870223522186
0.14965128898620605
0.20469510555267334
0.08633928745985031
0.21537549793720245
0.3584100306034088
0.14374256134033203
0.1915608048439026
0.19484162330627441
0.1897360235452652
0.10014507174491882
0.18057076632976532
0.1100662425160408
0.13773414492607117
0.13433507084846497
0.12163100391626358
0.21283836662769318
0.12931017577648163
0.21962574124336243
0.23131206631660461
0.20635150372982025
0.2516334652900696
0.20817801356315613
0.07961316406726837
0.1593230664730072
0.21875439584255219
0.123417928814888
0.1012202575802803
0.1886644959449768
0.16147451102733612
0.17882844805717468
0.21673662960529327
0.2843329906463623
0.15313206613063812
0.1601988673210144
0.16928978264331818
0.18235772848129272
0.09947215765714645
0.1282091587781906
0.17007946968078613
0.17616423964500427
0.14301219582557678
0.11061396449804306
0.14951446652412415
0.08864832669496536
0.17796027660369873
0.0780511349439621
0.18973110616207123
0.06833808869123459
0.1510634869337082
0.18694832921028137
0.1025676280260086
0.15923495590686798
0.16546085476875305
0.2562406659126282
0.14979051053524017
0.280148446559906
0.1623508632183075
0.17797720432281494
0.19672377407550812
0.2955794632434845
0.1537986844778061
0.12822343409061432
0.1530335694551468
0.22009320557117462
0.2385353147983551
0.14775098860263824
0.10022306442260742
0.1542382687330246
0.18619988858699799
0.15087226033210754
0.24498918652534485
0.1309146136045456
0.24534928798675537
0.17663142085075378
0.15129970014095306
0.19684718549251556
0.12370739877223969
0.07807429134845734
0.2850693166255951
0.14622625708580017
0.31955766677856445
0.22060063481330872
0.0775509923696518
0.2362891435623169
0.1763252466917038
0.2323804497718811
0.22780844569206238
0.19149884581565857
0.15964438021183014
0.13087838888168335
0.1592831164598465
0.09088951349258423
0.11691280454397202
0.16277000308036804
0.171612948179245
0.12142296135425568
0.3359836935997009
0.12962988018989563
0.1509934961795807
0.1269153654575348
0.21517406404018402
0.20030097663402557
0.1352912336587906
0.24010904133319855
0.18161465227603912
0.20865385234355927
0.2656222879886627
0.17975488305091858
0.10451258718967438
0.23647522926330566
0.05996469035744667
0.20041978359222412
0.20043276250362396
0.17464445531368256
0.20274418592453003
0.1863689124584198
0.14181403815746307
0.13973133265972137
0.11449938267469406
0.05326206609606743
0.11379685997962952
0.24403917789459229
0.13043975830078125
0.1973753273487091
0.15764163434505463
0.10875524580478668
0.18283025920391083
0.1939411163330078
0.2595822811126709
0.1527860313653946
0.12739680707454681
0.21477416157722473
0.09954478591680527
0.27656716108322144
0.11311866343021393
0.19641485810279846
0.15462537109851837
0.18322619795799255
0.18917794525623322
0.18722613155841827
0.11675246804952621
0.27110910415649414
0.21565091609954834
0.14156067371368408
0.27231839299201965
0.2340196818113327
0.2256757616996765
0.17379863560199738
0.13788625597953796
0.2586013674736023
0.11722325533628464
0.13845539093017578
0.1409435272216797
0.17361310124397278
0.17794135212898254
0.18551811575889587
0.22001715004444122
0.19819660484790802
0.0998196080327034
0.15511426329612732
0.14401884377002716
0.17641091346740723
0.1321476697921753
0.14161375164985657
0.27684855461120605
0.35821282863616943
0.2364286482334137
0.32909828424453735
0.13574954867362976
0.17943541705608368
0.1980251967906952
0.24529880285263062
0.0627121701836586
0.15829606354236603
0.08036641776561737
0.2095959484577179
0.23748934268951416
0.18477700650691986
0.17468048632144928
0.3362145721912384
0.23182794451713562
0.0699661523103714
0.13711237907409668
0.19713972508907318
0.08710180968046188
0.1386246681213379
0.1704455465078354
0.15375961363315582
0.19615265727043152
0.15278762578964233
0.21758779883384705
0.15893283486366272
0.1406371295452118
0.16661180555820465
0.11825190484523773
0.08193190395832062
0.10412720590829849
0.16289614140987396
0.11112555116415024
0.2151809185743332
0.07433059811592102
0.13703332841396332
0.2272440493106842
0.1388276070356369
0.11102983355522156
0.08860358595848083
0.26085519790649414
0.22633346915245056
0.1518206149339676
0.20347648859024048
0.18185783922672272
0.18799813091754913
0.2567804455757141
0.22479389607906342
0.08576030284166336
0.19275137782096863
0.2320079654455185
0.21461951732635498
0.17278091609477997
0.15913312137126923
0.21376432478427887
0.2042170763015747
0.1550672948360443
0.06812023371458054
0.1629706770181656
0.14958420395851135
0.22391155362129211
0.07074061781167984
0.1696624904870987
0.1015806496143341
0.2023928463459015
0.13388298451900482
0.16620288789272308
0.1809518188238144
0.15110823512077332
0.19646446406841278
0.08419004827737808
0.12210281938314438
0.21219316124916077
0.13006390631198883
0.1830926239490509
0.16131728887557983
0.14908990263938904
0.06251198053359985
0.15232381224632263
0.20360516011714935
0.09636449068784714
